1,1
2,0
3,1
4,1
5,1
6,1
7,1
8,0
9,1
10,0
11,1
12,1
13,1
14,0
15,0
16,0
17,0
18,1
19,0
20,1
21,1
22,1
23,1
24,1
25,1
26,1
27,1
28,1
29,0
30,1
31,1
32,0
33,1
34,1
35,1
36,0
37,0
38,0
39,0
40,1
41,0
42,1
43,0
44,1
45,1
46,0
47,1
48,1
49,1
50,1
51,1
52,0
53,1
54,0
55,1
56,1
57,1
58,0
59,0
60,1
61,0
62,1
63,1
64,0
65,1
66,0
67,0
68,0
69,1
70,0
71,0
72,0
73,0
74,0
75,0
76,0
77,0
78,1
79,0
80,0
81,0
82,1
83,NA
84,1
85,0
86,0
87,1
88,1
89,1
90,1
91,0
92,1
93,0
94,1
95,1
96,1
97,0
98,0
99,0
100,1
101,1
102,1
103,1
104,1
105,0
106,0
107,0
108,0
109,0
110,1
111,0
112,1
113,0
114,0
115,0
116,0
117,0
118,1
119,0
120,1
121,0
122,1
123,1
124,0
125,1
126,1
127,1
128,1
129,1
130,1
131,1
132,0
133,0
134,0
135,0
136,0
137,0
138,1
139,1
140,0
141,1
142,0
143,1
144,1
145,1
146,0
147,0
148,0
149,0
150,0
151,1
152,1
153,0
154,0
155,1
156,0
157,1
158,1
159,1
160,1
161,0
162,0
163,0
164,0
165,1
166,0
167,1
168,1
169,0
170,1
171,0
172,0
173,0
174,1
175,0
176,1
177,0
178,0
179,0
180,1
181,0
182,0
183,0
184,1
185,1
186,1
187,0
188,0
189,1
190,1
191,1
192,1
193,1
194,0
195,1
196,1
197,0
198,0
199,0
200,0
201,NA
202,1
203,1
204,0
205,0
206,0
207,0
208,1
209,0
210,1
211,1
212,1
213,1
214,1
215,1
216,1
217,1
218,0
219,1
220,1
221,1
222,0
223,1
224,1
225,0
226,0
227,1
228,1
229,0
230,1
231,0
232,1
233,0
234,1
235,1
236,0
237,0
238,1
239,1
240,0
241,1
242,0
243,0
244,1
245,0
246,1
247,0
248,0
249,NA
250,1
251,1
252,1
253,1
254,1
255,1
256,0
257,1
258,1
259,0
260,1
261,0
262,0
263,1
264,1
265,0
266,1
267,1
268,1
269,1
270,1
271,0
272,0
273,1
274,0
275,1
276,1
277,0
278,1
279,0
280,1
281,0
282,0
283,1
284,0
285,1
286,1
287,0
288,0
289,1
290,0
291,1
292,0
293,0
294,0
295,NA
296,NA
297,NA
298,1
299,1
300,1
301,1
302,1
303,0
304,0
305,1
306,0
307,0
308,0
309,0
310,1
311,0
312,0
313,0
314,1
315,0
316,0
317,0
318,0
319,1
320,1
321,1
322,0
323,0
324,1
325,1
326,1
327,1
328,1
329,1
330,1
331,0
332,1
333,0
334,0
335,0
336,1
337,1
338,0
339,1
340,1
341,1
342,1
343,1
344,0
345,0
346,0
347,1
348,1
349,1
350,1
351,1
352,1
353,1
354,1
355,1
356,0
357,1
358,1
359,1
360,1
361,0
362,1
363,1
364,1
365,1
366,0
367,1
368,1
369,1
370,1
371,1
372,1
373,1
374,1
375,1
376,1
377,1
378,1
379,1
380,0
381,1
382,0
383,NA
384,1
385,0
386,0
387,0
388,0
389,0
390,0
391,1
392,1
393,1
394,0
395,1
396,1
397,1
398,0
399,1
400,0
401,1
402,1
403,1
404,1
405,0
406,0
407,0
408,0
409,0
410,0
411,0
412,0
413,1
414,1
415,1
416,0
417,1
418,1
419,0
420,0
421,1
422,0
423,0
424,0
425,0
426,0
427,0
428,1
429,1
430,0
431,0
432,0
433,0
434,0
435,0
436,0
437,0
438,1
439,0
440,0
441,1
442,0
443,1
444,1
445,1
446,0
447,1
448,1
449,1
450,1
451,0
452,0
453,0
454,0
455,0
456,1
457,0
458,1
459,0
460,0
461,1
462,0
463,1
464,1
465,1
466,1
467,1
468,1
469,1
470,1
471,0
472,1
473,1
474,1
475,0
476,0
477,0
478,1
479,1
480,0
481,0
482,1
483,0
484,0
485,0
486,1
487,1
488,0
489,0
490,0
491,1
492,0
493,0
494,0
495,0
496,0
497,0
498,0
499,1
500,0
501,1
502,1
503,1
504,0
505,1
506,1
507,1
508,1
509,0
510,1
511,1
512,1
513,1
514,1
515,1
516,NA
517,0
518,0
519,1
520,1
521,1
522,0
523,1
524,0
525,1
526,1
527,NA
528,NA
529,0
530,0
531,NA
532,1
533,0
534,1
535,1
536,1
537,0
538,0
539,1
540,1
541,1
542,1
543,1
544,0
545,0
546,1
547,0
548,1
549,0
550,1
551,0
552,1
553,0
554,0
555,0
556,1
557,0
558,0
559,1
560,1
561,1
562,1
563,0
564,0
565,1
566,1
567,1
568,1
569,1
570,1
571,1
572,1
573,NA
574,0
575,1
576,0
577,0
578,0
579,1
580,0
581,1
582,1
583,0
584,1
585,1
586,0
587,1
588,1
589,1
590,NA
591,1
592,0
593,1
594,0
595,1
596,1
597,0
598,1
599,0
600,1
601,0
602,0
603,0
604,1
605,0
606,0
607,1
608,0
609,0
610,1
611,1
612,0
613,0
614,1
615,0
616,1
617,0
618,1
619,1
620,1
621,0
622,0
623,1
624,0
625,0
626,0
627,0
628,1
629,0
630,1
631,0
632,1
633,0
634,0
635,1
636,1
637,0
638,1
639,0
640,1
641,1
642,1
643,1
644,0
645,0
646,1
647,0
648,0
649,1
650,1
651,1
652,1
653,0
654,1
655,1
656,1
657,0
658,0
659,1
660,0
661,0
662,0
663,1
664,1
665,NA
666,NA
667,NA
668,0
669,1
670,1
671,1
672,1
673,1
674,NA
675,NA
676,1
677,1
678,0
679,0
680,1
681,0
682,1
683,0
684,1
685,1
686,1
687,1
688,0
689,0
690,1
691,1
692,1
693,0
694,0
695,0
696,0
697,1
698,1
699,1
700,1
701,0
702,0
703,1
704,0
705,1
706,0
707,0
708,0
709,1
710,1
711,0
712,0
713,1
714,1
715,1
716,1
717,0
718,1
719,0
720,0
721,1
722,1
723,1
724,0
725,1
726,1
727,1
728,1
729,1
730,1
731,1
732,0
733,1
734,1
735,0
736,1
737,1
738,1
739,1
740,1
741,1
742,1
743,1
744,0
745,1
746,0
747,0
748,1
749,0
750,1
751,0
752,1
753,1
754,0
755,1
756,0
757,1
758,1
759,0
760,0
761,1
762,0
763,1
764,1
765,0
766,0
767,1
768,1
769,0
770,0
771,1
772,0
773,1
774,0
775,0
776,NA
777,NA
778,NA
779,0
780,1
781,1
782,0
783,1
784,1
785,1
786,1
787,1
788,0
789,0
790,0
791,1
792,0
793,0
794,0
795,1
796,1
797,1
798,0
799,1
800,1
801,1
802,0
803,1
804,0
805,1
806,1
807,0
808,1
809,0
810,0
811,0
812,0
813,1
814,1
815,NA
816,1
817,1
818,1
819,1
820,0
821,1
822,0
823,0
824,1
825,0
826,1
827,0
828,1
829,0
830,0
831,0
832,1
833,0
834,1
835,0
836,1
837,1
838,0
839,0
840,1
841,1
842,0
843,0
844,0
845,0
846,1
847,1
848,0
849,1
850,1
851,0
852,1
853,1
854,1
855,0
856,0
857,NA
858,0
859,1
860,1
861,0
862,0
863,1
864,0
865,0
866,1
867,1
868,0
869,1
870,1
871,0
872,1
873,0
874,0
875,1
876,0
877,1
878,0
879,0
880,0
881,1
882,0
883,0
884,1
885,1
886,0
887,0
888,1
889,1
890,1
891,0
892,1
893,1
894,0
895,0
896,0
897,0
898,0
899,1
900,1
901,1
902,0
903,0
904,1
905,0
906,1
907,1
908,0
909,0
910,0
911,1
912,1
913,1
914,1
915,1
916,0
917,1
918,1
919,1
920,0
921,0
922,0
923,0
924,0
925,0
926,1
927,1
928,0
929,1
930,1
931,1
932,1
933,0
934,0
935,1
936,1
937,1
938,1
939,1
940,1
941,1
942,1
943,0
944,0
945,0
946,1
947,0
948,1
949,1
950,1
951,0
952,1
953,1
954,1
955,1
956,0
957,0
958,1
959,0
960,0
961,1
962,0
963,0
964,1
965,0
966,1
967,1
968,0
969,1
970,1
971,0
972,1
973,0
974,1
975,1
976,1
977,1
978,0
979,0
980,0
981,1
982,1
983,1
984,1
985,0
986,0
987,0
988,0
989,1
990,1
991,1
992,0
993,1
994,0
995,0
996,1
997,0
998,0
999,0
1000,1
1001,1
1002,1
1003,1
1004,1
1005,0
1006,0
1007,0
1008,1
1009,1
1010,0
1011,0
1012,0
1013,0
1014,0
1015,1
1016,1
1017,1
1018,1
1019,1
1020,0
1021,1
1022,1
1023,0
1024,0
1025,0
1026,1
1027,1
1028,0
1029,1
1030,1
1031,0
1032,NA
1033,1
1034,1
1035,1
1036,1
1037,1
1038,0
1039,1
1040,0
1041,1
1042,1
1043,1
1044,0
1045,0
1046,0
1047,0
1048,1
1049,1
1050,1
1051,1
1052,0
1053,1
1054,0
1055,0
1056,NA
1057,0
1058,1
1059,1
1060,0
1061,1
1062,1
1063,1
1064,1
1065,0
1066,1
1067,0
1068,1
1069,1
1070,1
1071,1
1072,0
1073,0
1074,1
1075,NA
1076,0
1077,1
1078,1
1079,1
1080,1
1081,1
1082,0
1083,1
1084,1
1085,1
1086,1
1087,0
1088,1
1089,NA
1090,0
1091,0
1092,0
1093,1
1094,NA
1095,1
1096,0
1097,NA
1098,0
1099,1
1100,1
1101,1
1102,1
1103,1
1104,1
1105,1
1106,1
1107,1
1108,1
1109,1
1110,0
1111,0
1112,0
1113,0
1114,1
1115,1
1116,1
1117,1
1118,1
1119,1
1120,0
1121,NA
1122,1
1123,1
1124,1
1125,0
1126,1
1127,0
1128,0
1129,0
1130,0
1131,0
1132,0
1133,0
1134,0
1135,0
1136,0
1137,1
1138,0
1139,1
1140,0
1141,1
1142,0
1143,0
1144,1
1145,NA
1146,1
1147,0
1148,1
1149,1
1150,1
1151,1
1152,1
1153,0
1154,1
1155,0
1156,1
1157,1
1158,0
1159,1
1160,0
1161,1
1162,0
1163,1
1164,0
1165,1
1166,NA
1167,NA
1168,0
1169,1
1170,0
1171,0
1172,1
1173,0
1174,0
1175,1
1176,1
1177,1
1178,0
1179,1
1180,1
1181,0
1182,0
1183,0
1184,1
1185,1
1186,1
1187,1
1188,1
1189,1
1190,NA
1191,1
1192,1
1193,1
1194,1
1195,1
1196,1
1197,0
1198,1
1199,1
1200,0
1201,0
1202,1
1203,1
1204,0
1205,0
1206,0
1207,1
1208,1
1209,0
1210,0
1211,0
1212,0
1213,0
1214,0
1215,1
1216,1
1217,0
1218,0
1219,1
1220,1
1221,1
1222,1
1223,0
1224,0
1225,1
1226,0
1227,1
1228,1
1229,1
1230,1
1231,1
1232,0
1233,1
1234,0
1235,1
1236,1
1237,0
1238,1
1239,1
1240,1
1241,1
1242,0
1243,1
1244,1
1245,0
1246,1
1247,1
1248,1
1249,1
1250,0
1251,1
1252,1
1253,1
1254,1
1255,0
1256,0
1257,0
1258,0
1259,0
1260,1
1261,0
1262,0
1263,0
1264,0
1265,0
1266,1
1267,0
1268,1
1269,1
1270,0
1271,0
1272,1
1273,1
1274,1
1275,1
1276,0
1277,1
1278,0
1279,1
1280,0
1281,0
1282,0
1283,0
1284,1
1285,0
1286,0
1287,1
1288,1
1289,0
1290,0
1291,0
1292,1
1293,1
1294,0
1295,1
1296,0
1297,1
1298,0
1299,1
1300,1
1301,1
1302,0
1303,1
1304,1
1305,0
1306,1
1307,0
1308,0
1309,1
1310,1
1311,1
1312,1
1313,1
1314,1
1315,NA
1316,1
1317,0
1318,1
1319,0
1320,NA
1321,1
1322,1
1323,1
1324,0
1325,NA
1326,0
1327,0
1328,1
1329,1
1330,0
1331,1
1332,1
1333,0
1334,0
1335,0
1336,0
1337,1
1338,1
1339,1
1340,0
1341,NA
1342,1
1343,0
1344,1
1345,0
1346,0
1347,0
1348,0
1349,0
1350,0
1351,1
1352,0
1353,1
1354,0
1355,0
1356,1
1357,0
1358,0
1359,1
1360,0
1361,0
1362,1
1363,0
1364,1
1365,0
1366,0
1367,0
1368,1
1369,1
1370,0
1371,0
1372,1
1373,0
1374,0
1375,0
1376,1
1377,0
1378,0
1379,1
1380,0
1381,1
1382,0
1383,1
1384,0
1385,1
1386,0
1387,1
1388,1
1389,0
1390,0
1391,0
1392,0
1393,1
1394,0
1395,1
1396,0
1397,1
1398,1
1399,1
1400,0
1401,0
1402,1
1403,0
1404,0
1405,1
1406,0
1407,1
1408,1
1409,1
1410,0
1411,1
1412,1
1413,1
1414,1
1415,0
1416,0
1417,1
1418,1
1419,1
1420,0
1421,0
1422,0
1423,0
1424,0
1425,0
1426,NA
1427,1
1428,0
1429,0
1430,0
1431,1
1432,0
1433,0
1434,1
1435,1
1436,0
1437,1
1438,0
1439,1
1440,1
1441,0
1442,1
1443,0
1444,0
1445,0
1446,0
1447,0
1448,1
1449,0
1450,0
1451,0
1452,1
1453,0
1454,1
1455,1
1456,0
1457,1
1458,1
1459,0
1460,1
1461,1
1462,0
1463,0
1464,0
1465,1
1466,0
1467,0
1468,0
1469,0
1470,1
1471,0
1472,1
1473,0
1474,1
1475,0
1476,0
1477,0
1478,0
1479,1
1480,1
1481,1
1482,0
1483,1
1484,0
1485,1
1486,0
1487,0
1488,1
1489,0
1490,0
1491,1
1492,1
1493,0
1494,1
1495,0
1496,0
1497,1
1498,0
1499,1
1500,0
1501,0
1502,0
1503,1
1504,0
1505,1
1506,0
1507,0
1508,1
1509,0
1510,1
1511,1
1512,0
1513,0
1514,1
1515,1
1516,1
1517,0
1518,0
1519,0
1520,0
1521,0
1522,0
1523,0
1524,1
1525,0
1526,0
1527,0
1528,1
1529,0
1530,0
1531,1
1532,1
1533,0
1534,0
1535,1
1536,0
1537,0
1538,1
1539,1
1540,0
1541,0
1542,1
1543,0
1544,1
1545,0
1546,1
1547,0
1548,1
1549,0
1550,1
1551,1
1552,1
1553,0
1554,0
1555,0
1556,1
1557,1
1558,1
1559,1
1560,0
1561,0
1562,0
1563,1
1564,1
1565,0
1566,0
1567,1
1568,1
1569,0
1570,1
1571,1
1572,1
1573,0
1574,1
1575,0
1576,0
1577,1
1578,0
1579,NA
1580,1
1581,1
1582,1
1583,0
1584,1
1585,1
1586,0
1587,NA
1588,0
1589,1
1590,0
1591,0
1592,0
1593,1
1594,1
1595,0
1596,1
1597,0
1598,1
1599,1
1600,0
1601,0
1602,1
1603,0
1604,0
1605,0
1606,0
1607,1
1608,1
1609,1
1610,0
1611,0
1612,1
1613,1
1614,0
1615,0
1616,0
1617,1
1618,1
1619,0
1620,1
1621,0
1622,1
1623,0
1624,1
1625,1
1626,0
1627,1
1628,1
1629,1
1630,0
1631,0
1632,0
1633,1
1634,0
1635,1
1636,0
1637,1
1638,0
1639,0
1640,1
1641,NA
1642,0
1643,1
1644,1
1645,1
1646,1
1647,1
1648,1
1649,0
1650,1
1651,0
1652,0
1653,0
1654,1
1655,1
1656,1
1657,0
1658,1
1659,0
1660,0
1661,1
1662,1
1663,0
1664,1
1665,0
1666,0
1667,0
1668,1
1669,1
1670,1
1671,1
1672,0
1673,0
1674,1
1675,1
1676,1
1677,1
1678,1
1679,1
1680,0
1681,0
1682,1
1683,0
1684,0
1685,1
1686,1
1687,1
1688,0
1689,1
1690,0
1691,0
1692,1
1693,0
1694,1
1695,1
1696,1
1697,1
1698,1
1699,0
1700,1
1701,1
1702,0
1703,1
1704,0
1705,1
1706,0
1707,0
1708,1
1709,0
1710,1
1711,1
1712,1
1713,0
1714,1
1715,0
1716,0
1717,0
1718,0
1719,1
1720,1
1721,0
1722,1
1723,0
1724,1
1725,1
1726,0
1727,1
1728,0
1729,1
1730,1
1731,1
1732,1
1733,0
1734,1
1735,0
1736,1
1737,1
1738,1
1739,1
1740,1
1741,1
1742,0
1743,1
1744,1
1745,1
1746,0
1747,1
1748,1
1749,0
1750,0
1751,1
1752,0
1753,0
1754,1
1755,0
1756,1
1757,1
1758,0
1759,1
1760,1
1761,1
1762,0
1763,1
1764,1
1765,1
1766,0
1767,1
1768,1
1769,1
1770,0
1771,0
1772,1
1773,1
1774,1
1775,1
1776,1
1777,1
1778,0
1779,1
1780,1
1781,1
1782,1
1783,1
1784,1
1785,1
1786,1
1787,0
1788,1
1789,0
1790,1
1791,0
1792,0
1793,1
1794,0
1795,1
1796,0
1797,1
1798,0
1799,1
1800,0
1801,1
1802,0
1803,1
1804,1
1805,1
1806,0
1807,1
1808,0
1809,0
1810,0
1811,1
1812,1
1813,1
1814,0
1815,0
1816,0
1817,1
1818,0
1819,1
1820,1
1821,1
1822,0
1823,1
1824,1
1825,1
1826,0
1827,0
1828,1
1829,1
1830,1
1831,1
1832,0
1833,0
1834,1
1835,1
1836,1
1837,0
1838,1
1839,1
1840,1
1841,0
1842,0
1843,0
1844,0
1845,1
1846,0
1847,0
1848,0
1849,1
1850,0
1851,0
1852,0
1853,1
1854,0
1855,1
1856,1
1857,0
1858,0
1859,1
1860,0
1861,1
1862,0
1863,0
1864,0
1865,0
1866,0
1867,0
1868,0
1869,0
1870,0
1871,1
1872,0
1873,1
1874,1
1875,0
1876,0
1877,1
1878,0
1879,0
1880,0
1881,0
1882,1
1883,1
1884,1
1885,0
1886,0
1887,0
1888,1
1889,0
1890,1
1891,1
1892,0
1893,1
1894,1
1895,0
1896,1
1897,1
1898,1
1899,0
1900,1
1901,0
1902,0
1903,0
1904,0
1905,1
1906,1
1907,1
1908,1
1909,1
1910,0
1911,1
1912,0
1913,1
1914,0
1915,0
1916,1
1917,1
1918,0
1919,1
1920,1
1921,0
1922,0
1923,0
1924,1
1925,0
1926,1
1927,0
1928,0
1929,0
1930,0
1931,1
1932,0
1933,0
1934,0
1935,0
1936,1
1937,1
1938,0
1939,1
1940,0
1941,1
1942,1
1943,1
1944,1
1945,0
1946,1
1947,1
1948,1
1949,1
1950,0
1951,1
1952,1
1953,0
1954,0
1955,1
1956,0
1957,1
1958,0
1959,0
1960,0
1961,1
1962,0
1963,0
1964,0
1965,0
1966,0
1967,0
1968,0
1969,0
1970,1
1971,0
1972,1
1973,1
1974,0
1975,1
1976,0
1977,0
1978,1
1979,0
1980,1
1981,1
1982,1
1983,1
1984,0
1985,1
1986,1
1987,1
1988,0
1989,0
1990,1
1991,0
1992,1
1993,0
1994,1
1995,0
1996,1
1997,0
1998,1
1999,1
2000,1
2001,0
2002,1
2003,1
2004,1
2005,1
2006,1
2007,0
2008,1
2009,1
2010,1
2011,0
2012,1
2013,1
2014,0
2015,1
2016,1
2017,1
2018,1
2019,0
2020,1
2021,0
2022,0
2023,0
2024,1
2025,1
2026,0
2027,1
2028,0
2029,1
2030,0
2031,1
2032,1
2033,1
2034,1
2035,1
2036,1
2037,0
2038,0
2039,1
2040,0
2041,0
2042,1
2043,0
2044,0
2045,1
2046,0
2047,0
2048,1
2049,1
2050,1
2051,1
2052,0
2053,1
2054,0
2055,0
2056,0
2057,1
2058,0
2059,0
2060,0
2061,1
2062,1
2063,0
2064,1
2065,0
2066,1
2067,0
2068,1
2069,0
2070,1
2071,1
2072,1
2073,0
2074,1
2075,1
2076,1
2077,1
2078,0
2079,0
2080,0
2081,0
2082,1
2083,0
2084,0
2085,1
2086,1
2087,0
2088,1
2089,0
2090,NA
2091,0
2092,1
2093,0
2094,1
2095,1
2096,1
2097,1
2098,0
2099,1
2100,1
2101,0
2102,1
2103,1
2104,1
2105,0
2106,1
2107,1
2108,1
2109,0
2110,1
2111,0
2112,0
2113,1
2114,1
2115,1
2116,0
2117,0
2118,1
2119,0
2120,1
2121,1
2122,1
2123,0
2124,0
2125,1
2126,0
2127,0
2128,1
2129,1
2130,0
2131,1
2132,0
2133,0
2134,1
2135,0
2136,0
2137,1
2138,0
2139,1
2140,1
2141,1
2142,NA
2143,1
2144,1
2145,1
2146,1
2147,1
2148,1
2149,0
2150,1
2151,NA
2152,1
2153,1
2154,1
2155,1
2156,1
2157,0
2158,1
2159,1
2160,1
2161,1
2162,0
2163,1
2164,0
2165,1
2166,0
2167,0
2168,0
2169,0
2170,0
2171,1
2172,0
2173,1
2174,0
2175,1
2176,1
2177,1
2178,1
2179,1
2180,0
2181,1
2182,0
2183,0
2184,1
2185,0
2186,1
2187,1
2188,1
2189,0
2190,1
2191,1
2192,0
2193,1
2194,1
2195,1
2196,1
2197,0
2198,0
2199,1
2200,1
2201,0
2202,1
2203,0
2204,1
2205,1
2206,1
2207,0
2208,1
2209,1
2210,0
2211,1
2212,1
2213,1
2214,1
2215,1
2216,0
2217,1
2218,0
2219,0
2220,1
2221,0
2222,1
2223,1
2224,1
2225,1
2226,1
2227,0
2228,1
2229,1
2230,1
2231,1
2232,0
2233,0
2234,1
2235,0
2236,1
2237,0
2238,0
2239,0
2240,1
2241,1
2242,0
2243,0
2244,0
2245,0
2246,0
2247,1
2248,0
2249,0
2250,1
2251,0
2252,1
2253,1
2254,1
2255,1
2256,1
2257,1
2258,1
2259,1
2260,0
2261,0
2262,1
2263,1
2264,0
2265,1
2266,1
2267,1
2268,1
2269,1
2270,1
2271,0
2272,1
2273,0
2274,0
2275,1
2276,0
2277,1
2278,1
2279,1
2280,1
2281,1
2282,0
2283,0
2284,1
2285,1
2286,0
2287,1
2288,1
2289,0
2290,1
2291,1
2292,1
2293,0
2294,1
2295,0
2296,1
2297,1
2298,0
2299,0
2300,1
2301,1
2302,0
2303,0
2304,0
2305,1
2306,0
2307,1
2308,0
2309,0
2310,1
2311,1
2312,1
2313,0
2314,1
2315,1
2316,0
2317,1
2318,0
2319,1
2320,0
2321,0
2322,0
2323,1
2324,0
2325,0
2326,0
2327,1
2328,0
2329,0
2330,1
2331,1
2332,0
2333,0
2334,1
2335,0
2336,1
2337,0
2338,1
2339,1
2340,1
2341,1
2342,1
2343,1
2344,0
2345,1
2346,0
2347,1
2348,0
2349,1
2350,1
2351,1
2352,1
2353,0
2354,1
2355,1
2356,0
2357,1
2358,1
2359,0
2360,0
2361,1
2362,1
2363,1
2364,1
2365,1
2366,0
2367,1
2368,1
2369,1
2370,0
2371,1
2372,1
2373,1
2374,1
2375,1
2376,0
2377,0
2378,0
2379,1
2380,1
2381,1
2382,1
2383,0
2384,1
2385,0
2386,1
2387,0
2388,0
2389,0
2390,0
2391,0
2392,1
2393,1
2394,0
2395,1
2396,0
2397,1
2398,1
2399,0
2400,1
2401,1
2402,1
2403,1
2404,1
2405,1
2406,1
2407,1
2408,1
2409,0
2410,1
2411,1
2412,1
2413,1
2414,0
2415,1
2416,1
2417,0
2418,1
2419,1
2420,1
2421,1
2422,1
2423,1
2424,0
2425,0
2426,1
2427,1
2428,1
2429,1
2430,1
2431,1
2432,1
2433,1
2434,1
2435,1
2436,1
2437,0
2438,1
2439,1
2440,1
2441,1
2442,0
2443,1
2444,1
2445,1
2446,1
2447,0
2448,1
2449,1
2450,1
2451,0
2452,0
2453,0
2454,1
2455,0
2456,1
2457,1
2458,1
2459,1
2460,1
2461,0
2462,1
2463,1
2464,0
2465,0
2466,0
2467,1
2468,1
2469,0
2470,1
2471,1
2472,0
2473,0
2474,0
2475,1
2476,1
2477,1
2478,1
2479,1
2480,1
2481,0
2482,1
2483,1
2484,0
2485,0
2486,0
2487,1
2488,1
2489,1
2490,1
2491,0
2492,1
2493,1
2494,0
2495,1
2496,1
2497,1
2498,1
2499,0
2500,0
2501,1
2502,1
2503,1
2504,1
2505,0
2506,1
2507,1
2508,0
2509,1
2510,1
2511,0
2512,1
2513,1
2514,1
2515,1
2516,1
2517,1
2518,1
2519,0
2520,1
2521,0
2522,1
2523,1
2524,1
2525,0
2526,0
2527,0
2528,0
2529,0
2530,1
2531,1
2532,0
2533,1
2534,1
2535,0
2536,1
2537,1
2538,0
2539,1
2540,1
2541,0
2542,0
2543,0
2544,1
2545,1
2546,1
2547,1
2548,1
2549,1
2550,1
2551,1
2552,0
2553,0
2554,0
2555,0
2556,1
2557,1
2558,0
2559,0
2560,0
2561,0
2562,0
2563,1
2564,0
2565,0
2566,0
2567,0
2568,0
2569,0
2570,0
2571,0
2572,1
2573,1
2574,0
2575,1
2576,1
2577,0
2578,1
2579,0
2580,0
2581,0
2582,1
2583,1
2584,0
2585,1
2586,0
2587,1
2588,1
2589,0
2590,0
2591,0
2592,0
2593,0
2594,0
2595,1
2596,0
2597,0
2598,0
2599,1
2600,0
2601,1
2602,1
2603,1
2604,0
2605,0
2606,1
2607,1
2608,0
2609,0
2610,1
2611,1
2612,0
2613,0
2614,0
2615,1
2616,0
2617,0
2618,0
2619,1
2620,0
2621,1
2622,0
2623,1
2624,0
2625,1
2626,0
2627,1
2628,0
2629,0
2630,0
2631,0
2632,0
2633,0
2634,0
2635,0
2636,1
2637,0
2638,0
2639,0
2640,1
2641,1
2642,0
2643,0
2644,0
2645,0
2646,1
2647,1
2648,0
2649,0
2650,1
2651,0
2652,0
2653,0
2654,1
2655,0
2656,0
2657,0
2658,1
2659,0
2660,1
2661,0
2662,0
2663,0
2664,0
2665,0
2666,1
2667,0
2668,1
2669,1
2670,0
2671,1
2672,1
2673,1
2674,0
2675,1
2676,1
2677,1
2678,1
2679,1
2680,0
2681,0
2682,0
2683,1
2684,0
2685,0
2686,0
2687,0
2688,0
2689,0
2690,0
2691,1
2692,1
2693,0
2694,1
2695,0
2696,1
2697,0
2698,0
2699,1
2700,1
2701,0
2702,0
2703,0
2704,1
2705,1
2706,0
2707,1
2708,0
2709,0
2710,0
2711,1
2712,1
2713,1
2714,1
2715,0
2716,1
2717,1
2718,1
2719,0
2720,1
2721,1
2722,0
2723,0
2724,0
2725,0
2726,0
2727,0
2728,0
2729,1
2730,1
2731,0
2732,1
2733,1
2734,1
2735,0
2736,0
2737,0
2738,1
2739,1
2740,1
2741,0
2742,1
2743,0
2744,1
2745,1
2746,0
2747,0
2748,1
2749,1
2750,0
2751,0
2752,1
2753,0
2754,1
2755,1
2756,0
2757,1
2758,1
2759,0
2760,1
2761,0
2762,0
2763,0
2764,1
2765,0
2766,1
2767,0
2768,1
2769,0
2770,0
2771,1
2772,1
2773,1
2774,0
2775,1
2776,0
2777,0
2778,0
2779,0
2780,1
2781,1
2782,0
2783,1
2784,0
2785,0
2786,0
2787,1
2788,0
2789,0
2790,0
2791,0
2792,1
2793,0
2794,1
2795,1
2796,0
2797,0
2798,1
2799,0
2800,1
2801,1
2802,1
2803,0
2804,1
2805,0
2806,0
2807,0
2808,1
2809,0
2810,0
2811,1
2812,0
2813,0
2814,1
2815,1
2816,0
2817,1
2818,0
2819,1
2820,1
2821,0
2822,0
2823,1
2824,1
2825,1
2826,1
2827,0
2828,0
2829,0
2830,0
2831,1
2832,1
2833,0
2834,0
2835,1
2836,0
2837,1
2838,0
2839,0
2840,0
2841,0
2842,0
2843,1
2844,0
2845,0
2846,0
2847,0
2848,0
2849,1
2850,0
2851,0
2852,1
2853,0
2854,0
2855,1
2856,1
2857,0
2858,0
2859,0
2860,0
2861,0
2862,0
2863,0
2864,0
2865,1
2866,0
2867,0
2868,0
2869,0
2870,1
2871,1
2872,0
2873,0
2874,0
2875,0
2876,0
2877,0
2878,1
2879,0
2880,0
2881,0
2882,0
2883,0
2884,1
2885,0
2886,0
2887,1
2888,1
2889,0
2890,1
2891,1
2892,0
2893,1
2894,0
2895,0
2896,0
2897,1
2898,1
2899,0
2900,0
2901,1
2902,0
2903,1
2904,0
2905,1
2906,1
2907,0
2908,0
2909,1
2910,0
2911,0
2912,1
2913,1
2914,1
2915,0
2916,0
2917,0
2918,1
2919,0
2920,0
2921,1
2922,1
2923,1
2924,1
2925,0
2926,0
2927,0
2928,1
2929,1
2930,0
2931,0
2932,0
2933,1
2934,1
2935,1
2936,0
2937,0
2938,0
2939,1
2940,1
2941,1
2942,0
2943,1
2944,0
2945,1
2946,1
2947,0
2948,0
2949,1
2950,0
2951,0
2952,1
2953,1
2954,1
2955,0
2956,0
2957,1
2958,1
2959,0
2960,1
2961,0
2962,1
2963,0
2964,0
2965,0
2966,1
2967,1
2968,0
2969,1
2970,0
2971,1
2972,1
2973,0
2974,1
2975,1
2976,1
2977,1
2978,0
2979,0
2980,1
2981,1
2982,1
2983,1
2984,1
2985,1
2986,1
2987,0
2988,0
2989,1
2990,1
2991,0
2992,0
2993,1
2994,1
2995,0
2996,0
2997,1
2998,0
2999,1
3000,0
3001,0
3002,0
3003,0
3004,1
3005,0
3006,1
3007,0
3008,1
3009,0
3010,0
3011,0
3012,0
3013,1
3014,1
3015,1
3016,1
3017,0
3018,0
3019,1
3020,0
3021,0
3022,1
3023,0
3024,0
3025,1
3026,0
3027,1
3028,1
3029,1
3030,0
3031,1
3032,0
3033,1
3034,1
3035,0
3036,0
3037,1
3038,1
3039,0
3040,1
3041,1
3042,0
3043,0
3044,1
3045,1
3046,1
3047,0
3048,1
3049,1
3050,1
3051,1
3052,1
3053,1
3054,0
3055,1
3056,1
3057,1
3058,0
3059,1
3060,1
3061,1
3062,1
3063,0
3064,1
3065,0
3066,1
3067,0
3068,0
3069,1
3070,0
3071,1
3072,1
3073,1
3074,0
3075,0
3076,0
3077,1
3078,1
3079,1
3080,0
3081,0
3082,0
3083,1
3084,0
3085,0
3086,1
3087,0
3088,0
3089,1
3090,0
3091,0
3092,1
3093,0
3094,0
3095,0
3096,1
3097,1
3098,0
3099,1
3100,1
3101,1
3102,1
3103,0
3104,1
3105,1
3106,1
3107,1
3108,0
3109,1
3110,1
3111,0
3112,1
3113,1
3114,0
3115,1
3116,1
3117,0
3118,1
3119,1
3120,1
3121,1
3122,1
3123,1
3124,1
3125,1
3126,1
3127,0
3128,1
3129,1
3130,1
3131,1
3132,0
3133,1
3134,0
3135,1
3136,1
3137,0
3138,1
3139,1
3140,1
3141,0
3142,0
3143,1
3144,0
3145,0
3146,0
3147,0
3148,0
3149,0
3150,1
3151,1
3152,0
3153,1
3154,0
3155,1
3156,0
3157,0
3158,0
3159,0
3160,1
3161,1
3162,0
3163,0
3164,1
3165,0
3166,1
3167,1
3168,0
3169,0
3170,1
3171,1
3172,1
3173,0
3174,0
3175,1
3176,0
3177,0
3178,1
3179,1
3180,0
3181,1
3182,1
3183,0
3184,1
3185,1
3186,0
3187,1
3188,0
3189,1
3190,0
3191,0
3192,1
3193,1
3194,0
3195,1
3196,1
3197,1
3198,1
3199,1
3200,1
3201,0
3202,0
3203,0
3204,0
3205,1
3206,0
3207,1
3208,1
3209,1
3210,1
3211,0
3212,1
3213,1
3214,0
3215,0
3216,0
3217,1
3218,1
3219,1
3220,1
3221,1
3222,0
3223,1
3224,1
3225,1
3226,1
3227,0
3228,1
3229,1
3230,1
3231,0
3232,0
3233,0
3234,1
3235,0
3236,0
3237,0
3238,0
3239,1
3240,0
3241,0
3242,0
3243,0
3244,1
3245,0
3246,0
3247,1
3248,1
3249,1
3250,0
3251,0
3252,1
3253,1
3254,1
3255,1
3256,1
3257,1
3258,0
3259,0
3260,0
3261,0
3262,0
3263,0
3264,0
3265,0
3266,1
3267,1
3268,0
3269,1
3270,0
3271,0
3272,0
3273,0
3274,0
3275,1
3276,0
3277,0
3278,1
3279,0
3280,1
3281,0
3282,0
3283,1
3284,0
3285,1
3286,0
3287,1
3288,1
3289,0
3290,0
3291,0
3292,1
3293,1
3294,0
3295,0
3296,1
3297,1
3298,1
3299,0
3300,0
3301,1
3302,1
3303,1
3304,0
3305,1
3306,0
3307,1
3308,1
3309,0
3310,1
3311,0
3312,0
3313,1
3314,0
3315,1
3316,1
3317,1
3318,1
3319,0
3320,1
3321,1
3322,0
3323,1
3324,1
3325,0
3326,1
3327,1
3328,0
3329,0
3330,1
3331,1
3332,0
3333,1
3334,0
3335,1
3336,1
3337,1
3338,0
3339,1
3340,1
3341,1
3342,0
3343,0
3344,1
3345,0
3346,1
3347,1
3348,0
3349,1
3350,0
3351,0
3352,1
3353,1
3354,1
3355,0
3356,1
3357,1
3358,0
3359,0
3360,0
3361,1
3362,0
3363,0
3364,0
3365,1
3366,1
3367,1
3368,0
3369,1
3370,1
3371,0
3372,0
3373,1
3374,1
3375,0
3376,1
3377,1
3378,0
3379,0
3380,1
3381,1
3382,1
3383,0
3384,1
3385,1
3386,0
3387,1
3388,1
3389,1
3390,0
3391,1
3392,0
3393,1
3394,0
3395,1
3396,1
3397,0
3398,0
3399,1
3400,0
3401,1
3402,0
3403,1
3404,0
3405,0
3406,0
3407,1
3408,1
3409,1
3410,0
3411,1
3412,0
3413,1
3414,0
3415,0
3416,0
3417,1
3418,1
3419,1
3420,0
3421,0
3422,0
3423,1
3424,1
3425,1
3426,1
3427,1
3428,0
3429,0
3430,1
3431,1
3432,1
3433,0
3434,0
3435,1
3436,0
3437,1
3438,0
3439,0
3440,1
3441,0
3442,1
3443,1
3444,1
3445,0
3446,0
3447,1
3448,0
3449,1
3450,1
3451,1
3452,0
3453,0
3454,1
3455,0
3456,0
3457,0
3458,1
3459,1
3460,0
3461,1
3462,0
3463,1
3464,0
3465,0
3466,1
3467,1
3468,1
3469,0
3470,1
3471,0
3472,0
3473,0
3474,1
3475,1
3476,0
3477,1
3478,1
3479,1
3480,1
3481,0
3482,1
3483,1
3484,1
3485,0
3486,0
3487,1
3488,0
3489,0
3490,0
3491,0
3492,1
3493,1
3494,1
3495,1
3496,1
3497,1
3498,0
3499,0
3500,1
3501,0
3502,0
3503,0
3504,1
3505,0
3506,1
3507,0
3508,0
3509,1
3510,1
3511,0
3512,0
3513,1
3514,1
3515,0
3516,1
3517,1
3518,1
3519,0
3520,0
3521,1
3522,1
3523,0
3524,0
3525,0
3526,1
3527,0
3528,0
3529,1
3530,0
3531,0
3532,0
3533,1
3534,1
3535,1
3536,1
3537,1
3538,0
3539,0
3540,1
3541,1
3542,1
3543,0
3544,0
3545,0
3546,1
3547,0
3548,1
3549,0
3550,1
3551,0
3552,0
3553,1
3554,0
3555,0
3556,1
3557,1
3558,0
3559,1
3560,0
3561,0
3562,1
3563,1
3564,1
3565,1
3566,1
3567,1
3568,1
3569,0
3570,0
3571,0
3572,0
3573,0
3574,0
3575,1
3576,0
3577,1
3578,1
3579,1
3580,1
3581,1
3582,0
3583,0
3584,1
3585,1
3586,1
3587,0
3588,0
3589,1
3590,1
3591,1
3592,0
3593,0
3594,0
3595,0
3596,1
3597,1
3598,1
3599,0
3600,1
3601,1
3602,0
3603,0
3604,1
3605,1
3606,1
3607,1
3608,1
3609,1
3610,1
3611,1
3612,1
3613,1
3614,1
3615,0
3616,0
3617,1
3618,1
3619,0
3620,1
3621,0
3622,0
3623,1
3624,0
3625,0
3626,1
3627,1
3628,1
3629,0
3630,0
3631,0
3632,0
3633,1
3634,1
3635,1
3636,0
3637,0
3638,0
3639,1
3640,1
3641,0
3642,1
3643,1
3644,1
3645,0
3646,0
3647,0
3648,0
3649,1
3650,0
3651,1
3652,0
3653,0
3654,1
3655,1
3656,0
3657,1
3658,1
3659,1
3660,1
3661,1
3662,1
3663,0
3664,0
3665,0
3666,0
3667,0
3668,1
3669,0
3670,0
3671,1
3672,1
3673,1
3674,0
3675,0
3676,1
3677,1
3678,0
3679,1
3680,0
3681,0
3682,0
3683,0
3684,1
3685,0
3686,1
3687,0
3688,0
3689,0
3690,1
3691,1
3692,1
3693,1
3694,0
3695,1
3696,1
3697,0
3698,0
3699,1
3700,1
3701,0
3702,1
3703,1
3704,0
3705,0
3706,1
3707,0
3708,1
3709,1
3710,0
3711,0
3712,1
3713,0
3714,1
3715,1
3716,0
3717,1
3718,0
3719,1
3720,0
3721,0
3722,0
3723,0
3724,1
3725,1
3726,1
3727,1
3728,1
3729,0
3730,0
3731,1
3732,1
3733,0
3734,0
3735,0
3736,1
3737,0
3738,0
3739,0
3740,1
3741,1
3742,1
3743,0
3744,1
3745,1
3746,0
3747,1
3748,1
3749,0
3750,0
3751,1
3752,0
3753,0
3754,1
3755,1
3756,0
3757,0
3758,1
3759,0
3760,0
3761,0
3762,1
3763,1
3764,1
3765,1
3766,1
3767,1
3768,0
3769,1
3770,0
3771,1
3772,1
3773,0
3774,1
3775,1
3776,0
3777,0
3778,1
3779,0
3780,1
3781,0
3782,1
3783,0
3784,1
3785,1
3786,0
3787,0
3788,0
3789,1
3790,1
3791,0
3792,0
3793,1
3794,0
3795,1
3796,1
3797,0
3798,0
3799,0
3800,1
3801,1
3802,0
3803,1
3804,1
3805,0
3806,0
3807,0
3808,1
3809,1
3810,1
3811,0
3812,0
3813,0
3814,1
3815,0
3816,0
3817,1
3818,1
3819,1
3820,0
3821,0
3822,0
3823,0
3824,0
3825,1
3826,1
3827,0
3828,1
3829,1
3830,1
3831,0
3832,1
3833,0
3834,0
3835,1
3836,0
3837,1
3838,0
3839,0
3840,1
3841,1
3842,0
3843,0
3844,1
3845,1
3846,1
3847,1
3848,1
3849,0
3850,0
3851,1
3852,1
3853,0
3854,0
3855,1
3856,0
3857,0
3858,1
3859,1
3860,0
3861,0
3862,1
3863,0
3864,1
3865,1
3866,1
3867,1
3868,1
3869,0
3870,1
3871,0
3872,0
3873,1
3874,0
3875,1
3876,0
3877,1
3878,1
3879,0
3880,1
3881,0
3882,0
3883,0
3884,1
3885,0
3886,1
3887,0
3888,0
3889,1
3890,1
3891,1
3892,1
3893,1
3894,0
3895,0
3896,0
3897,1
3898,1
3899,0
3900,0
3901,1
3902,0
3903,1
3904,1
3905,0
3906,1
3907,0
3908,1
3909,1
3910,0
3911,0
3912,1
3913,0
3914,1
3915,1
3916,1
3917,0
3918,0
3919,0
3920,0
3921,1
3922,1
3923,1
3924,0
3925,1
3926,1
3927,1
3928,1
3929,1
3930,0
3931,0
3932,0
3933,0
3934,1
3935,1
3936,0
3937,0
3938,1
3939,0
3940,0
3941,1
3942,1
3943,1
3944,0
3945,0
3946,0
3947,0
3948,1
3949,0
3950,1
3951,1
3952,0
3953,1
3954,0
3955,0
3956,1
3957,1
3958,1
3959,0
3960,0
3961,0
3962,0
3963,1
3964,1
3965,0
3966,0
3967,0
3968,1
3969,1
3970,1
3971,1
3972,1
3973,1
3974,0
3975,1
3976,0
3977,0
3978,1
3979,0
3980,1
3981,0
3982,0
3983,0
3984,1
3985,0
3986,1
3987,1
3988,1
3989,0
3990,0
3991,0
3992,0
3993,1
3994,1
3995,0
3996,1
3997,1
3998,1
3999,0
4000,1
4001,0
4002,0
4003,1
4004,1
4005,1
4006,0
4007,0
4008,0
4009,0
4010,0
4011,1
4012,0
4013,1
4014,1
4015,0
4016,0
4017,1
4018,1
4019,1
4020,0
4021,0
4022,1
4023,0
4024,1
4025,1
4026,0
4027,1
4028,0
4029,1
4030,1
4031,1
4032,0
4033,1
4034,0
4035,1
4036,1
4037,1
4038,0
4039,1
4040,0
4041,0
4042,0
4043,0
4044,0
4045,0
4046,0
4047,1
4048,1
4049,1
4050,0
4051,1
4052,1
4053,0
4054,0
4055,0
4056,0
4057,0
4058,1
4059,0
4060,1
4061,1
4062,0
4063,1
4064,0
4065,1
4066,0
4067,0
4068,1
4069,0
4070,1
4071,1
4072,1
4073,1
4074,1
4075,1
4076,1
4077,0
4078,0
4079,0
4080,1
4081,1
4082,0
4083,0
4084,1
4085,1
4086,1
4087,0
4088,1
4089,0
4090,1
4091,1
4092,1
4093,0
4094,1
4095,1
4096,0
4097,0
4098,1
4099,1
4100,0
4101,1
4102,1
4103,1
4104,1
4105,0
4106,1
4107,1
4108,0
4109,0
4110,0
4111,0
4112,1
4113,0
4114,1
4115,0
4116,1
4117,0
4118,0
4119,1
4120,0
4121,1
4122,0
4123,1
4124,1
4125,1
4126,0
4127,1
4128,1
4129,1
4130,0
4131,1
4132,0
4133,1
4134,0
4135,0
4136,0
4137,1
4138,0
4139,1
4140,1
4141,1
4142,0
4143,0
4144,1
4145,1
4146,1
4147,1
4148,1
4149,0
4150,1
4151,0
4152,0
4153,0
4154,1
4155,1
4156,1
4157,0
4158,1
4159,0
4160,1
4161,1
4162,0
4163,0
4164,0
4165,1
4166,1
4167,0
4168,1
4169,0
4170,1
4171,0
4172,0
4173,0
4174,1
4175,1
4176,0
4177,1
4178,0
4179,0
4180,1
4181,1
4182,0
4183,1
4184,0
4185,0
4186,0
4187,1
4188,1
4189,1
4190,0
4191,0
4192,1
4193,1
4194,0
4195,0
4196,1
4197,1
4198,0
4199,0
4200,1
4201,0
4202,0
4203,1
4204,1
4205,0
4206,1
4207,0
4208,1
4209,1
4210,0
4211,0
4212,1
4213,1
4214,1
4215,0
4216,0
4217,1
4218,0
4219,0
4220,0
4221,1
4222,1
4223,1
4224,0
4225,0
4226,0
4227,1
4228,0
4229,1
4230,1
4231,1
4232,0
4233,0
4234,1
4235,0
4236,1
4237,0
4238,0
4239,1
4240,1
4241,1
4242,0
4243,0
4244,1
4245,1
4246,0
4247,1
4248,0
4249,0
4250,1
4251,1
4252,0
4253,0
4254,0
4255,1
4256,0
4257,1
4258,0
4259,0
4260,1
4261,0
4262,1
4263,0
4264,1
4265,1
4266,0
4267,0
4268,1
4269,1
4270,0
4271,0
4272,0
4273,1
4274,0
4275,1
4276,0
4277,1
4278,0
4279,0
4280,1
4281,0
4282,1
4283,0
4284,0
4285,1
4286,1
4287,0
4288,1
4289,0
4290,1
4291,0
4292,1
4293,0
4294,1
4295,0
4296,0
4297,1
4298,0
4299,1
4300,1
4301,0
4302,0
4303,0
4304,1
4305,1
4306,0
4307,1
4308,1
4309,0
4310,0
4311,1
4312,1
4313,0
4314,0
4315,1
4316,0
4317,1
4318,1
4319,0
4320,0
4321,0
4322,0
4323,1
4324,1
4325,0
4326,0
4327,0
4328,0
4329,1
4330,1
4331,1
4332,1
4333,0
4334,0
4335,0
4336,1
4337,0
4338,0
4339,1
4340,1
4341,0
4342,1
4343,1
4344,1
4345,0
4346,0
4347,1
4348,0
4349,0
4350,0
4351,1
4352,1
4353,0
4354,0
4355,0
4356,1
4357,1
4358,1
4359,0
4360,0
4361,0
4362,1
4363,1
4364,0
4365,1
4366,0
4367,0
4368,1
4369,0
4370,1
4371,1
4372,0
4373,1
4374,0
4375,0
4376,1
4377,0
4378,1
4379,0
4380,0
4381,0
4382,1
4383,1
4384,0
4385,0
4386,0
4387,1
4388,0
4389,1
4390,1
4391,0
4392,1
4393,1
4394,0
4395,1
4396,1
4397,0
4398,1
4399,0
4400,1
4401,0
4402,1
4403,0
4404,0
4405,0
4406,1
4407,1
4408,0
4409,1
4410,1
4411,1
4412,0
4413,1
4414,0
4415,1
4416,0
4417,1
4418,0
4419,0
4420,0
4421,1
4422,1
4423,0
4424,1
4425,0
4426,0
4427,0
4428,1
4429,0
4430,1
4431,1
4432,0
4433,0
4434,0
4435,1
4436,1
4437,0
4438,0
4439,1
4440,1
4441,1
4442,0
4443,1
4444,0
4445,0
4446,1
4447,0
4448,0
4449,1
4450,1
4451,0
4452,1
4453,1
4454,0
4455,1
4456,1
4457,0
4458,1
4459,0
4460,1
4461,0
4462,1
4463,0
4464,1
4465,0
4466,0
4467,1
4468,0
4469,1
4470,1
4471,0
4472,1
4473,0
4474,0
4475,0
4476,1
4477,0
4478,1
4479,0
4480,1
4481,0
4482,0
4483,1
4484,1
4485,0
4486,0
4487,1
4488,1
4489,1
4490,1
4491,0
4492,1
4493,0
4494,0
4495,0
4496,1
4497,1
4498,1
4499,0
4500,0
4501,0
4502,0
4503,0
4504,0
4505,1
4506,1
4507,1
4508,0
4509,1
4510,0
4511,1
4512,0
4513,0
4514,1
4515,1
4516,1
4517,0
4518,1
4519,1
4520,1
4521,0
4522,0
4523,0
4524,1
4525,1
4526,0
4527,0
4528,0
4529,0
4530,1
4531,1
4532,0
4533,1
4534,1
4535,0
4536,1
4537,0
4538,1
4539,0
4540,1
4541,1
4542,1
4543,0
4544,1
4545,1
4546,0
4547,0
4548,1
4549,0
4550,0
4551,1
4552,0
4553,1
4554,0
4555,0
4556,1
4557,0
4558,1
4559,0
4560,1
4561,0
4562,1
4563,1
4564,0
4565,0
4566,1
4567,1
4568,1
4569,0
4570,0
4571,1
4572,0
4573,0
4574,1
4575,1
4576,0
4577,1
4578,1
4579,0
4580,0
4581,1
4582,1
4583,0
4584,1
4585,1
4586,0
4587,0
4588,1
4589,0
4590,1
4591,0
4592,1
4593,0
4594,1
4595,0
4596,1
4597,1
4598,1
4599,1
4600,0
4601,1
4602,1
4603,1
4604,0
4605,0
4606,0
4607,1
4608,0
4609,1
4610,0
4611,0
4612,0
4613,0
4614,1
4615,1
4616,1
4617,0
4618,0
4619,1
4620,1
4621,0
4622,1
4623,1
4624,0
4625,1
4626,1
4627,0
4628,0
4629,0
4630,1
4631,0
4632,1
4633,1
4634,0
4635,0
4636,1
4637,1
4638,0
4639,0
4640,0
4641,0
4642,1
4643,0
4644,1
4645,1
4646,1
4647,0
4648,1
4649,0
4650,1
4651,1
4652,0
4653,1
4654,0
4655,1
4656,0
4657,1
4658,0
4659,1
4660,0
4661,1
4662,0
4663,0
4664,1
4665,1
4666,0
4667,0
4668,1
4669,1
4670,1
4671,0
4672,1
4673,0
4674,0
4675,1
4676,0
4677,1
4678,0
4679,1
4680,1
4681,0
4682,1
4683,1
4684,0
4685,1
4686,1
4687,0
4688,0
4689,1
4690,0
4691,1
4692,1
4693,1
4694,0
4695,0
4696,0
4697,1
4698,1
4699,0
4700,1
4701,0
4702,1
4703,0
4704,0
4705,0
4706,1
4707,1
4708,1
4709,0
4710,1
4711,0
4712,1
4713,0
4714,1
4715,1
4716,0
4717,0
4718,1
4719,1
4720,1
4721,0
4722,1
4723,0
4724,1
4725,0
4726,1
4727,1
4728,0
4729,1
4730,0
4731,0
4732,0
4733,0
4734,1
4735,0
4736,1
4737,0
4738,1
4739,1
4740,0
4741,1
4742,0
4743,0
4744,1
4745,0
4746,1
4747,0
4748,1
4749,0
4750,1
4751,0
4752,1
4753,1
4754,1
4755,0
4756,0
4757,0
4758,1
4759,1
4760,1
4761,0
4762,1
4763,0
4764,1
4765,1
4766,0
4767,0
4768,0
4769,0
4770,1
4771,1
4772,0
4773,1
4774,0
4775,1
4776,1
4777,0
4778,1
4779,0
4780,0
4781,0
4782,1
4783,0
4784,1
4785,0
4786,0
4787,0
4788,1
4789,1
4790,0
4791,0
4792,1
4793,0
4794,0
4795,0
4796,1
4797,0
4798,0
4799,1
4800,1
4801,0
4802,0
4803,1
4804,1
4805,0
4806,1
4807,1
4808,0
4809,1
4810,1
4811,0
4812,0
4813,1
4814,0
4815,0
4816,0
4817,1
4818,1
4819,1
4820,0
4821,0
4822,1
4823,1
4824,1
4825,1
4826,0
4827,1
4828,1
4829,0
4830,1
4831,1
4832,0
4833,1
4834,0
4835,0
4836,1
4837,1
4838,0
4839,1
4840,1
4841,0
4842,0
4843,1
4844,0
4845,0
4846,1
4847,0
4848,1
4849,0
4850,1
4851,0
4852,1
4853,0
4854,1
4855,1
4856,1
4857,0
4858,0
4859,1
4860,1
4861,0
4862,0
4863,0
4864,1
4865,0
4866,0
4867,1
4868,0
4869,0
4870,1
4871,1
4872,0
4873,0
4874,0
4875,0
4876,1
4877,0
4878,0
4879,1
4880,0
4881,1
4882,0
4883,1
4884,1
4885,0
4886,1
4887,0
4888,0
4889,1
4890,0
4891,1
4892,1
4893,1
4894,1
4895,1
4896,1
4897,1
4898,0
4899,0
4900,1
4901,0
4902,1
4903,0
4904,0
4905,0
4906,0
4907,1
4908,1
4909,1
4910,1
4911,1
4912,0
4913,1
4914,1
4915,1
4916,0
4917,0
4918,1
4919,1
4920,0
4921,0
4922,1
4923,1
4924,0
4925,0
4926,0
4927,1
4928,1
4929,1
4930,1
4931,0
4932,0
4933,1
4934,0
4935,1
4936,1
4937,1
4938,0
4939,1
4940,0
4941,1
4942,1
4943,0
4944,0
4945,0
4946,1
4947,1
4948,1
4949,0
4950,0
4951,1
4952,0
4953,1
4954,0
4955,1
4956,0
4957,1
4958,1
4959,1
4960,0
4961,0
4962,1
4963,1
4964,0
4965,0
4966,1
4967,0
4968,1
4969,1
4970,0
4971,0
4972,1
4973,0
4974,1
4975,1
4976,1
4977,0
4978,0
4979,0
4980,0
4981,1
4982,1
4983,1
4984,1
4985,0
4986,0
4987,0
4988,1
4989,1
4990,0
4991,0
4992,1
4993,1
4994,0
4995,0
4996,1
4997,0
4998,1
4999,0
5000,1
5001,1
5002,1
5003,0
5004,0
5005,0
5006,1
5007,1
5008,0
5009,1
5010,1
5011,0
5012,0
5013,1
5014,1
5015,0
5016,0
5017,1
5018,1
5019,0
5020,1
5021,0
5022,1
5023,1
5024,0
5025,0
5026,1
5027,1
5028,0
5029,0
5030,1
5031,0
5032,1
5033,0
5034,1
5035,0
5036,0
5037,1
5038,1
5039,1
5040,1
5041,0
5042,0
5043,1
5044,1
5045,0
5046,0
5047,0
5048,0
5049,1
5050,0
5051,1
5052,0
5053,1
5054,0
5055,1
5056,1
5057,0
5058,1
5059,1
5060,1
5061,0
5062,0
5063,0
5064,1
5065,1
5066,0
5067,1
5068,1
5069,0
5070,1
5071,1
5072,1
5073,0
5074,1
5075,0
5076,0
5077,0
5078,0
5079,1
5080,0
5081,0
5082,0
5083,1
5084,0
5085,0
5086,0
5087,1
5088,0
5089,1
5090,1
5091,0
5092,1
5093,1
5094,0
5095,0
5096,0
5097,0
5098,1
5099,1
5100,1
5101,1
5102,0
5103,1
5104,0
5105,1
5106,0
5107,1
5108,1
5109,1
5110,0
5111,0
5112,1
5113,0
5114,1
5115,1
5116,0
5117,0
5118,1
5119,1
5120,1
5121,0
5122,0
5123,1
5124,1
5125,0
5126,1
5127,1
5128,0
5129,1
5130,0
5131,1
5132,0
5133,0
5134,0
5135,1
5136,0
5137,1
5138,0
5139,1
5140,1
5141,1
5142,0
5143,1
5144,0
5145,0
5146,0
5147,0
5148,0
5149,0
5150,1
5151,0
5152,1
5153,1
5154,1
5155,0
5156,1
5157,0
5158,0
5159,0
5160,1
5161,1
5162,0
5163,1
5164,1
5165,0
5166,1
5167,0
5168,0
5169,1
5170,0
5171,1
5172,0
5173,1
5174,0
5175,0
5176,1
5177,0
5178,1
5179,1
5180,1
5181,0
5182,0
5183,0
5184,0
5185,1
5186,1
5187,1
5188,1
5189,1
5190,1
5191,1
5192,0
5193,1
5194,1
5195,1
5196,0
5197,0
5198,1
5199,1
5200,0
5201,0
5202,0
5203,1
5204,0
5205,1
5206,1
5207,0
5208,0
5209,1
5210,1
5211,0
5212,1
5213,1
5214,1
5215,1
5216,1
5217,0
5218,1
5219,0
5220,0
5221,1
5222,1
5223,0
5224,1
5225,0
5226,1
5227,0
5228,0
5229,1
5230,1
5231,1
5232,0
5233,0
5234,0
5235,0
5236,1
5237,1
5238,1
5239,0
5240,1
5241,0
5242,0
5243,1
5244,1
5245,1
5246,0
5247,0
5248,1
5249,1
5250,0
5251,1
5252,1
5253,1
5254,1
5255,1
5256,0
5257,0
5258,0
5259,1
5260,0
5261,0
5262,0
5263,0
5264,1
5265,1
5266,1
5267,1
5268,0
5269,1
5270,1
5271,0
5272,0
5273,0
5274,0
5275,1
5276,1
5277,1
5278,1
5279,0
5280,0
5281,1
5282,0
5283,0
5284,1
5285,0
5286,1
5287,1
5288,1
5289,1
5290,0
5291,1
5292,1
5293,1
5294,1
5295,0
5296,1
5297,0
5298,1
5299,1
5300,1
5301,0
5302,0
5303,1
5304,0
5305,1
5306,0
5307,1
5308,1
5309,1
5310,1
5311,0
5312,1
5313,1
5314,0
5315,0
5316,1
5317,0
5318,1
5319,0
5320,1
5321,0
5322,1
5323,0
5324,1
5325,0
5326,0
5327,1
5328,0
5329,1
5330,0
5331,0
5332,1
5333,0
5334,1
5335,1
5336,0
5337,0
5338,1
5339,0
5340,0
5341,0
5342,0
5343,1
5344,1
5345,1
5346,0
5347,0
5348,1
5349,0
5350,1
5351,0
5352,0
5353,1
5354,1
5355,0
5356,0
5357,1
5358,1
5359,0
5360,0
5361,1
5362,0
5363,0
5364,0
5365,1
5366,1
5367,0
5368,0
5369,0
5370,1
5371,0
5372,1
5373,1
5374,0
5375,0
5376,1
5377,0
5378,0
5379,0
5380,1
5381,1
5382,0
5383,0
5384,0
5385,1
5386,1
5387,1
5388,0
5389,0
5390,1
5391,1
5392,1
5393,0
5394,1
5395,0
5396,1
5397,1
5398,1
5399,0
5400,0
5401,1
5402,0
5403,0
5404,1
5405,1
5406,0
5407,0
5408,1
5409,1
5410,0
5411,1
5412,1
5413,1
5414,0
5415,0
5416,0
5417,1
5418,1
5419,0
5420,0
5421,1
5422,1
5423,0
5424,1
5425,0
5426,1
5427,1
5428,1
5429,0
5430,0
5431,0
5432,0
5433,1
5434,0
5435,1
5436,1
5437,1
5438,0
5439,0
5440,0
5441,1
5442,0
5443,0
5444,1
5445,1
5446,0
5447,0
5448,0
5449,0
5450,0
5451,0
5452,1
5453,1
5454,1
5455,0
5456,0
5457,1
5458,1
5459,1
5460,0
5461,1
5462,0
5463,1
5464,1
5465,1
5466,1
5467,0
5468,1
5469,1
5470,1
5471,1
5472,0
5473,1
5474,0
5475,0
5476,1
5477,1
5478,0
5479,1
5480,0
5481,1
5482,1
5483,1
5484,1
5485,0
5486,1
5487,0
5488,1
5489,0
5490,1
5491,0
5492,1
5493,0
5494,1
5495,1
5496,0
5497,0
5498,0
5499,1
5500,1
5501,0
5502,1
5503,0
5504,1
5505,1
5506,0
5507,0
5508,0
5509,1
5510,1
5511,0
5512,1
5513,1
5514,1
5515,1
5516,0
5517,0
5518,0
5519,1
5520,1
5521,1
5522,0
5523,0
5524,0
5525,0
5526,0
5527,1
5528,1
5529,0
5530,0
5531,0
5532,0
5533,1
5534,1
5535,1
5536,1
5537,1
5538,1
5539,0
5540,0
5541,0
5542,0
5543,1
5544,0
5545,0
5546,1
5547,1
5548,0
5549,1
5550,1
5551,1
5552,0
5553,1
5554,1
5555,1
5556,1
5557,0
5558,0
5559,1
5560,0
5561,0
5562,0
5563,0
5564,0
5565,0
5566,1
5567,1
5568,1
5569,1
5570,1
5571,0
5572,1
5573,1
5574,0
5575,0
5576,1
5577,1
5578,1
5579,1
5580,0
5581,1
5582,1
5583,0
5584,0
5585,0
5586,1
5587,1
5588,0
5589,1
5590,1
5591,1
5592,1
5593,0
5594,1
5595,1
5596,0
5597,1
5598,1
5599,0
5600,0
5601,1
5602,0
5603,0
5604,0
5605,0
5606,0
5607,0
5608,1
5609,0
5610,0
5611,1
5612,1
5613,0
5614,1
5615,0
5616,0
5617,0
5618,1
5619,1
5620,0
5621,1
5622,1
5623,0
5624,1
5625,0
5626,1
5627,1
5628,0
5629,0
5630,1
5631,0
5632,1
5633,0
5634,0
5635,1
5636,0
5637,0
5638,1
5639,1
5640,0
5641,0
5642,1
5643,1
5644,1
5645,0
5646,0
5647,1
5648,0
5649,0
5650,0
5651,0
5652,0
5653,1
5654,0
5655,0
5656,1
5657,1
5658,0
5659,0
5660,0
5661,1
5662,0
5663,1
5664,0
5665,1
5666,0
5667,1
5668,0
5669,1
5670,0
5671,1
5672,1
5673,0
5674,0
5675,1
5676,1
5677,0
5678,1
5679,1
5680,0
5681,0
5682,0
5683,0
5684,0
5685,0
5686,1
5687,1
5688,0
5689,0
5690,0
5691,0
5692,0
5693,0
5694,1
5695,0
5696,0
5697,0
5698,0
5699,0
5700,0
5701,1
5702,1
5703,1
5704,1
5705,1
5706,1
5707,0
5708,1
5709,1
5710,0
5711,0
5712,0
5713,1
5714,0
5715,0
5716,0
5717,0
5718,0
5719,0
5720,1
5721,0
5722,1
5723,1
5724,1
5725,1
5726,0
5727,0
5728,1
5729,1
5730,0
5731,1
5732,0
5733,0
5734,1
5735,0
5736,0
5737,0
5738,0
5739,1
5740,1
5741,0
5742,1
5743,0
5744,1
5745,1
5746,0
5747,1
5748,0
5749,0
5750,0
5751,1
5752,0
5753,1
5754,1
5755,1
5756,0
5757,1
5758,1
5759,0
5760,0
5761,1
5762,0
5763,1
5764,0
5765,0
5766,1
5767,1
5768,1
5769,0
5770,1
5771,0
5772,0
5773,1
5774,0
5775,1
5776,1
5777,0
5778,0
5779,0
5780,1
5781,0
5782,0
5783,1
5784,0
5785,1
5786,0
5787,1
5788,1
5789,0
5790,0
5791,1
5792,1
5793,1
5794,1
5795,0
5796,1
5797,1
5798,0
5799,1
5800,0
5801,0
5802,0
5803,1
5804,1
5805,0
5806,0
5807,0
5808,0
5809,0
5810,1
5811,1
5812,1
5813,0
5814,1
5815,1
5816,0
5817,0
5818,1
5819,0
5820,1
5821,1
5822,1
5823,1
5824,1
5825,0
5826,1
5827,0
5828,0
5829,0
5830,1
5831,1
5832,0
5833,1
5834,1
5835,1
5836,0
5837,0
5838,1
5839,0
5840,1
5841,1
5842,1
5843,1
5844,0
5845,1
5846,0
5847,1
5848,0
5849,0
5850,1
5851,1
5852,0
5853,1
5854,0
5855,1
5856,0
5857,0
5858,0
5859,1
5860,0
5861,1
5862,0
5863,1
5864,1
5865,1
5866,0
5867,1
5868,0
5869,0
5870,1
5871,1
5872,0
5873,0
5874,1
5875,1
5876,1
5877,1
5878,1
5879,0
5880,1
5881,0
5882,0
5883,0
5884,1
5885,0
5886,0
5887,1
5888,0
5889,0
5890,1
5891,0
5892,1
5893,1
5894,1
5895,0
5896,0
5897,0
5898,1
5899,1
5900,1
5901,1
5902,0
5903,1
5904,1
5905,1
5906,1
5907,1
5908,0
5909,1
5910,1
5911,0
5912,0
5913,1
5914,1
5915,0
5916,1
5917,1
5918,0
5919,1
5920,0
5921,1
5922,1
5923,1
5924,1
5925,1
5926,0
5927,1
5928,1
5929,1
5930,1
5931,1
5932,0
5933,1
5934,0
5935,1
5936,1
5937,1
5938,0
5939,0
5940,0
5941,1
5942,0
5943,0
5944,1
5945,1
5946,0
5947,0
5948,1
5949,1
5950,0
5951,1
5952,1
5953,0
5954,1
5955,1
5956,1
5957,1
5958,0
5959,1
5960,0
5961,0
5962,1
5963,0
5964,0
5965,1
5966,1
5967,0
5968,1
5969,0
5970,1
5971,1
5972,0
5973,0
5974,1
5975,0
5976,0
5977,0
5978,1
5979,0
5980,1
5981,1
5982,0
5983,1
5984,1
5985,1
5986,1
5987,1
5988,0
5989,1
5990,1
5991,0
5992,1
5993,0
5994,1
5995,1
5996,0
5997,1
5998,0
5999,0
6000,1
6001,0
6002,0
6003,1
6004,0
6005,1
6006,0
6007,1
6008,0
6009,1
6010,1
6011,0
6012,1
6013,1
6014,1
6015,1
6016,1
6017,0
6018,1
6019,0
6020,1
6021,1
6022,1
6023,0
6024,1
6025,1
6026,0
6027,1
6028,1
6029,0
6030,1
6031,1
6032,NA
6033,1
6034,0
6035,0
6036,0
6037,1
6038,1
6039,0
6040,0
6041,0
6042,0
6043,0
6044,1
6045,1
6046,0
6047,0
6048,1
6049,1
6050,0
6051,1
6052,0
6053,1
6054,0
6055,0
6056,0
6057,1
6058,0
6059,1
6060,0
6061,1
6062,1
6063,1
6064,1
6065,0
6066,0
6067,0
6068,0
6069,0
6070,0
6071,1
6072,1
6073,1
6074,0
6075,1
6076,0
6077,0
6078,0
6079,0
6080,1
6081,0
6082,1
6083,0
6084,1
6085,0
6086,1
6087,1
6088,0
6089,1
6090,0
6091,1
6092,1
6093,0
6094,1
6095,1
6096,1
6097,1
6098,1
6099,1
6100,1
6101,0
6102,1
6103,1
6104,0
6105,0
6106,0
6107,0
6108,1
6109,1
6110,0
6111,0
6112,0
6113,1
6114,0
6115,0
6116,0
6117,0
6118,0
6119,0
6120,1
6121,0
6122,1
6123,0
6124,0
6125,0
6126,1
6127,1
6128,0
6129,1
6130,0
6131,0
6132,0
6133,0
6134,0
6135,1
6136,1
6137,1
6138,1
6139,0
6140,1
6141,1
6142,0
6143,1
6144,0
6145,1
6146,1
6147,0
6148,1
6149,1
6150,0
6151,0
6152,1
6153,NA
6154,0
6155,0
6156,1
6157,0
6158,0
6159,0
6160,0
6161,0
6162,1
6163,0
6164,1
6165,0
6166,0
6167,1
6168,0
6169,0
6170,0
6171,0
6172,0
6173,1
6174,1
6175,0
6176,1
6177,0
6178,1
6179,1
6180,1
6181,0
6182,0
6183,1
6184,1
6185,NA
6186,1
6187,1
6188,0
6189,0
6190,1
6191,0
6192,0
6193,1
6194,0
6195,0
6196,0
6197,1
6198,0
6199,1
6200,1
6201,1
6202,0
6203,0
6204,0
6205,0
6206,0
6207,1
6208,1
6209,0
6210,0
6211,0
6212,0
6213,0
6214,0
6215,0
6216,0
6217,1
6218,1
6219,1
6220,0
6221,0
6222,1
6223,1
6224,0
6225,1
6226,1
6227,0
6228,0
6229,0
6230,0
6231,1
6232,0
6233,1
6234,0
6235,0
6236,1
6237,1
6238,0
6239,0
6240,1
6241,1
6242,1
6243,0
6244,0
6245,1
6246,0
6247,0
6248,1
6249,0
6250,1
6251,0
6252,0
6253,0
6254,0
6255,0
6256,0
6257,1
6258,1
6259,0
6260,1
6261,1
6262,0
6263,1
6264,1
6265,0
6266,0
6267,0
6268,1
6269,1
6270,1
6271,1
6272,1
6273,1
6274,1
6275,0
6276,1
6277,1
6278,0
6279,1
6280,0
6281,1
6282,1
6283,0
6284,1
6285,1
6286,0
6287,1
6288,0
6289,0
6290,1
6291,1
6292,0
6293,1
6294,0
6295,1
6296,1
6297,0
6298,1
6299,0
6300,0
6301,0
6302,0
6303,0
6304,0
6305,0
6306,0
6307,1
6308,0
6309,1
6310,0
6311,0
6312,1
6313,1
6314,1
6315,0
6316,0
6317,1
6318,1
6319,1
6320,0
6321,1
6322,0
6323,1
6324,0
6325,1
6326,0
6327,0
6328,0
6329,0
6330,0
6331,1
6332,1
6333,1
6334,1
6335,0
6336,1
6337,1
6338,0
6339,1
6340,0
6341,0
6342,0
6343,1
6344,1
6345,0
6346,0
6347,0
6348,1
6349,0
6350,0
6351,1
6352,1
6353,1
6354,NA
6355,1
6356,0
6357,1
6358,0
6359,0
6360,1
6361,1
6362,0
6363,1
6364,1
6365,0
6366,1
6367,1
6368,1
6369,1
6370,1
6371,1
6372,0
6373,0
6374,1
6375,0
6376,1
6377,0
6378,1
6379,0
6380,0
6381,0
6382,1
6383,1
6384,1
6385,0
6386,0
6387,0
6388,0
6389,0
6390,1
6391,1
6392,0
6393,1
6394,0
6395,0
6396,0
6397,0
6398,0
6399,0
6400,0
6401,NA
6402,1
6403,0
6404,1
6405,1
6406,0
6407,1
6408,1
6409,NA
6410,0
6411,1
6412,0
6413,0
6414,0
6415,1
6416,1
6417,1
6418,1
6419,1
6420,1
6421,0
6422,0
6423,0
6424,0
6425,0
6426,0
6427,1
6428,1
6429,1
6430,1
6431,0
6432,1
6433,1
6434,0
6435,0
6436,1
6437,1
6438,1
6439,1
6440,1
6441,1
6442,1
6443,0
6444,1
6445,1
6446,0
6447,1
6448,0
6449,1
6450,1
6451,0
6452,1
6453,0
6454,1
6455,1
6456,0
6457,1
6458,0
6459,0
6460,0
6461,0
6462,1
6463,0
6464,1
6465,1
6466,0
6467,0
6468,0
6469,0
6470,1
6471,0
6472,1
6473,0
6474,0
6475,1
6476,1
6477,1
6478,1
6479,1
6480,1
6481,1
6482,1
6483,0
6484,1
6485,1
6486,0
6487,1
6488,1
6489,1
6490,1
6491,1
6492,0
6493,1
6494,1
6495,0
6496,1
6497,1
6498,0
6499,1
6500,1
6501,1
6502,1
6503,0
6504,1
6505,1
6506,0
6507,0
6508,1
6509,0
6510,1
6511,1
6512,1
6513,1
6514,0
6515,1
6516,0
6517,1
6518,0
6519,1
6520,0
6521,1
6522,1
6523,0
6524,0
6525,0
6526,1
6527,0
6528,1
6529,1
6530,1
6531,0
6532,1
6533,1
6534,0
6535,0
6536,0
6537,1
6538,0
6539,0
6540,1
6541,1
6542,1
6543,1
6544,0
6545,0
6546,1
6547,0
6548,0
6549,1
6550,0
6551,0
6552,1
6553,1
6554,1
6555,1
6556,1
6557,0
6558,1
6559,1
6560,1
6561,1
6562,1
6563,1
6564,1
6565,1
6566,0
6567,1
6568,1
6569,1
6570,0
6571,1
6572,0
6573,1
6574,1
6575,0
6576,1
6577,1
6578,0
6579,1
6580,0
6581,1
6582,NA
6583,0
6584,1
6585,0
6586,1
6587,0
6588,1
6589,1
6590,0
6591,0
6592,1
6593,1
6594,0
6595,0
6596,1
6597,0
6598,0
6599,1
6600,0
6601,1
6602,1
6603,1
6604,1
6605,1
6606,1
6607,0
6608,1
6609,0
6610,1
6611,1
6612,0
6613,0
6614,1
6615,0
6616,0
6617,1
6618,0
6619,1
6620,1
6621,1
6622,0
6623,1
6624,1
6625,0
6626,1
6627,1
6628,0
6629,1
6630,0
6631,1
6632,0
6633,1
6634,0
6635,1
6636,0
6637,0
6638,1
6639,1
6640,1
6641,1
6642,1
6643,1
6644,1
6645,1
6646,0
6647,0
6648,1
6649,0
6650,1
6651,1
6652,1
6653,1
6654,1
6655,1
6656,1
6657,1
6658,1
6659,1
6660,0
6661,0
6662,1
6663,1
6664,0
6665,1
6666,1
6667,1
6668,1
6669,0
6670,1
6671,0
6672,1
6673,0
6674,0
6675,1
6676,1
6677,1
6678,1
6679,1
6680,0
6681,1
6682,0
6683,1
6684,1
6685,1
6686,1
6687,1
6688,0
6689,1
6690,0
6691,1
6692,1
6693,1
6694,1
6695,1
6696,1
6697,0
6698,1
6699,1
6700,0
6701,1
6702,1
6703,1
6704,1
6705,1
6706,0
6707,0
6708,0
6709,1
6710,0
6711,0
6712,1
6713,0
6714,0
6715,1
6716,1
6717,1
6718,1
6719,1
6720,0
6721,0
6722,1
6723,0
6724,1
6725,1
6726,1
6727,1
6728,1
6729,1
6730,1
6731,1
6732,1
6733,0
6734,1
6735,1
6736,1
6737,0
6738,0
6739,0
6740,0
6741,1
6742,1
6743,0
6744,1
6745,1
6746,1
6747,1
6748,1
6749,0
6750,1
6751,0
6752,0
6753,0
6754,1
6755,0
6756,0
6757,1
6758,0
6759,0
6760,1
6761,1
6762,1
6763,1
6764,0
6765,0
6766,0
6767,0
6768,1
6769,1
6770,1
6771,1
6772,1
6773,0
6774,1
6775,0
6776,1
6777,0
6778,1
6779,1
6780,1
6781,0
6782,1
6783,0
6784,0
6785,0
6786,1
6787,1
6788,1
6789,1
6790,0
6791,0
6792,1
6793,0
6794,1
6795,1
6796,0
6797,0
6798,0
6799,1
6800,0
6801,1
6802,1
6803,0
6804,NA
6805,1
6806,1
6807,1
6808,1
6809,0
6810,1
6811,0
6812,0
6813,1
6814,1
6815,1
6816,0
6817,1
6818,1
6819,1
6820,1
6821,1
6822,0
6823,0
6824,1
6825,1
6826,1
6827,0
6828,0
6829,0
6830,1
6831,1
6832,0
6833,0
6834,1
6835,1
6836,0
6837,1
6838,1
6839,0
6840,0
6841,1
6842,0
6843,1
6844,0
6845,0
6846,0
6847,0
6848,0
6849,0
6850,1
6851,0
6852,0
6853,1
6854,0
6855,1
6856,0
6857,1
6858,0
6859,0
6860,1
6861,0
6862,1
6863,0
6864,0
6865,1
6866,0
6867,0
6868,0
6869,1
6870,1
6871,0
6872,1
6873,1
6874,0
6875,0
6876,1
6877,1
6878,0
6879,0
6880,1
6881,0
6882,1
6883,1
6884,1
6885,0
6886,0
6887,0
6888,1
6889,0
6890,0
6891,1
6892,0
6893,0
6894,1
6895,0
6896,0
6897,1
6898,1
6899,0
6900,0
6901,1
6902,0
6903,1
6904,1
6905,0
6906,0
6907,1
6908,1
6909,0
6910,1
6911,1
6912,0
6913,0
6914,0
6915,0
6916,1
6917,1
6918,1
6919,0
6920,0
6921,0
6922,1
6923,0
6924,1
6925,1
6926,0
6927,0
6928,0
6929,0
6930,1
6931,1
6932,0
6933,0
6934,0
6935,1
6936,1
6937,1
6938,1
6939,1
6940,1
6941,0
6942,1
6943,1
6944,0
6945,0
6946,1
6947,1
6948,1
6949,0
6950,0
6951,0
6952,1
6953,1
6954,1
6955,0
6956,1
6957,0
6958,0
6959,0
6960,1
6961,0
6962,1
6963,0
6964,1
6965,1
6966,0
6967,1
6968,1
6969,0
6970,1
6971,0
6972,1
6973,1
6974,0
6975,0
6976,1
6977,0
6978,0
6979,0
6980,0
6981,0
6982,1
6983,0
6984,0
6985,0
6986,0
6987,1
6988,0
6989,0
6990,0
6991,1
6992,0
6993,0
6994,1
6995,0
6996,1
6997,0
6998,0
6999,0
7000,1
7001,0
7002,1
7003,0
7004,0
7005,1
7006,0
7007,1
7008,0
7009,1
7010,1
7011,0
7012,0
7013,0
7014,0
7015,0
7016,0
7017,0
7018,1
7019,0
7020,0
7021,1
7022,0
7023,1
7024,1
7025,1
7026,0
7027,1
7028,0
7029,0
7030,1
7031,1
7032,0
7033,1
7034,1
7035,1
7036,0
7037,1
7038,1
7039,0
7040,1
7041,1
7042,1
7043,1
7044,1
7045,0
7046,0
7047,0
7048,1
7049,0
7050,1
7051,0
7052,1
7053,1
7054,1
7055,1
7056,1
7057,0
7058,0
7059,1
7060,0
7061,1
7062,1
7063,0
7064,1
7065,0
7066,0
7067,1
7068,0
7069,1
7070,0
7071,1
7072,0
7073,1
7074,1
7075,0
7076,1
7077,0
7078,1
7079,1
7080,1
7081,1
7082,0
7083,0
7084,1
7085,1
7086,1
7087,1
7088,1
7089,1
7090,0
7091,0
7092,0
7093,1
7094,0
7095,0
7096,0
7097,0
7098,1
7099,0
7100,1
7101,1
7102,0
7103,0
7104,1
7105,1
7106,1
7107,1
7108,1
7109,1
7110,1
7111,0
7112,0
7113,0
7114,1
7115,1
7116,1
7117,0
7118,0
7119,0
7120,1
7121,0
7122,0
7123,1
7124,1
7125,1
7126,1
7127,0
7128,0
7129,0
7130,1
7131,0
7132,1
7133,1
7134,0
7135,0
7136,0
7137,0
7138,1
7139,0
7140,1
7141,0
7142,1
7143,1
7144,0
7145,1
7146,0
7147,0
7148,0
7149,0
7150,0
7151,0
7152,1
7153,0
7154,0
7155,1
7156,0
7157,0
7158,0
7159,0
7160,0
7161,1
7162,1
7163,0
7164,0
7165,1
7166,0
7167,0
7168,0
7169,0
7170,0
7171,0
7172,0
7173,0
7174,0
7175,0
7176,1
7177,0
7178,1
7179,1
7180,1
7181,1
7182,1
7183,1
7184,0
7185,0
7186,1
7187,1
7188,0
7189,1
7190,1
7191,1
7192,1
7193,0
7194,1
7195,1
7196,0
7197,0
7198,1
7199,1
7200,1
7201,0
7202,1
7203,1
7204,1
7205,0
7206,1
7207,1
7208,0
7209,0
7210,1
7211,1
7212,1
7213,0
7214,0
7215,0
7216,0
7217,1
7218,1
7219,1
7220,0
7221,1
7222,1
7223,1
7224,1
7225,0
7226,0
7227,0
7228,0
7229,0
7230,1
7231,1
7232,1
7233,0
7234,0
7235,0
7236,1
7237,0
7238,0
7239,0
7240,0
7241,1
7242,0
7243,0
7244,0
7245,0
7246,0
7247,1
7248,0
7249,1
7250,1
7251,1
7252,1
7253,0
7254,0
7255,0
7256,0
7257,0
7258,1
7259,0
7260,0
7261,0
7262,1
7263,0
7264,0
7265,0
7266,0
7267,0
7268,0
7269,1
7270,1
7271,0
7272,0
7273,1
7274,1
7275,1
7276,0
7277,1
7278,1
7279,0
7280,1
7281,1
7282,0
7283,1
7284,0
7285,1
7286,0
7287,1
7288,1
7289,1
7290,1
7291,1
7292,0
7293,1
7294,1
7295,1
7296,1
7297,0
7298,1
7299,1
7300,1
7301,NA
7302,1
7303,0
7304,0
7305,1
7306,1
7307,0
7308,1
7309,1
7310,1
7311,0
7312,0
7313,0
7314,0
7315,1
7316,0
7317,1
7318,1
7319,0
7320,0
7321,1
7322,1
7323,1
7324,0
7325,1
7326,1
7327,1
7328,1
7329,1
7330,1
7331,0
7332,1
7333,1
7334,1
7335,1
7336,0
7337,0
7338,0
7339,0
7340,0
7341,0
7342,1
7343,1
7344,1
7345,0
7346,1
7347,1
7348,NA
7349,1
7350,1
7351,1
7352,0
7353,1
7354,0
7355,1
7356,1
7357,0
7358,1
7359,0
7360,0
7361,1
7362,1
7363,1
7364,1
7365,0
7366,1
7367,1
7368,1
7369,1
7370,1
7371,0
7372,1
7373,1
7374,0
7375,0
7376,1
7377,1
7378,0
7379,0
7380,1
7381,0
7382,0
7383,0
7384,0
7385,1
7386,0
7387,1
7388,0
7389,0
7390,0
7391,1
7392,1
7393,0
7394,1
7395,1
7396,0
7397,1
7398,0
7399,1
7400,0
7401,1
7402,1
7403,0
7404,0
7405,1
7406,1
7407,0
7408,1
7409,1
7410,0
7411,1
7412,0
7413,0
7414,1
7415,1
7416,1
7417,1
7418,1
7419,0
7420,1
7421,0
7422,1
7423,1
7424,1
7425,0
7426,1
7427,0
7428,1
7429,0
7430,0
7431,0
7432,0
7433,1
7434,0
7435,1
7436,1
7437,0
7438,0
7439,1
7440,0
7441,0
7442,1
7443,1
7444,1
7445,1
7446,1
7447,1
7448,0
7449,1
7450,1
7451,1
7452,1
7453,1
7454,1
7455,1
7456,1
7457,0
7458,0
7459,1
7460,0
7461,1
7462,1
7463,1
7464,0
7465,0
7466,1
7467,1
7468,1
7469,0
7470,1
7471,1
7472,0
7473,1
7474,1
7475,1
7476,1
7477,1
7478,0
7479,1
7480,1
7481,1
7482,1
7483,1
7484,1
7485,1
7486,1
7487,1
7488,0
7489,1
7490,1
7491,0
7492,1
7493,0
7494,1
7495,0
7496,0
7497,1
7498,1
7499,1
7500,1
7501,1
7502,0
7503,1
7504,1
7505,1
7506,1
7507,1
7508,1
7509,1
7510,1
7511,1
7512,1
7513,1
7514,1
7515,0
7516,0
7517,0
7518,1
7519,1
7520,1
7521,1
7522,1
7523,1
7524,1
7525,0
7526,1
7527,1
7528,0
7529,0
7530,0
7531,0
7532,1
7533,1
7534,0
7535,0
7536,0
7537,0
7538,0
7539,1
7540,0
7541,1
7542,0
7543,0
7544,0
7545,0
7546,0
7547,0
7548,1
7549,0
7550,0
7551,0
7552,1
7553,1
7554,0
7555,1
7556,1
7557,0
7558,0
7559,0
7560,1
7561,0
7562,1
7563,0
7564,1
7565,1
7566,0
7567,1
7568,1
7569,0
7570,0
7571,1
7572,1
7573,1
7574,1
7575,0
7576,0
7577,0
7578,1
7579,1
7580,0
7581,1
7582,0
7583,1
7584,1
7585,1
7586,0
7587,1
7588,1
7589,0
7590,1
7591,1
7592,0
7593,1
7594,1
7595,1
7596,0
7597,0
7598,0
7599,1
7600,0
7601,0
7602,1
7603,1
7604,1
7605,1
7606,1
7607,0
7608,0
7609,1
7610,1
7611,0
7612,1
7613,0
7614,1
7615,1
7616,0
7617,1
7618,0
7619,0
7620,0
7621,0
7622,1
7623,1
7624,0
7625,0
7626,0
7627,0
7628,1
7629,0
7630,1
7631,0
7632,1
7633,0
7634,1
7635,0
7636,1
7637,1
7638,0
7639,0
7640,1
7641,1
7642,0
7643,0
7644,1
7645,1
7646,1
7647,1
7648,0
7649,0
7650,0
7651,1
7652,1
7653,1
7654,1
7655,1
7656,1
7657,0
7658,1
7659,0
7660,1
7661,0
7662,0
7663,1
7664,0
7665,1
7666,0
7667,1
7668,0
7669,1
7670,1
7671,1
7672,0
7673,1
7674,1
7675,1
7676,1
7677,1
7678,0
7679,1
7680,1
7681,1
7682,0
7683,0
7684,1
7685,0
7686,1
7687,0
7688,1
7689,0
7690,0
7691,0
7692,0
7693,1
7694,1
7695,1
7696,0
7697,1
7698,1
7699,0
7700,0
7701,0
7702,0
7703,0
7704,0
7705,1
7706,1
7707,0
7708,1
7709,0
7710,0
7711,1
7712,1
7713,0
7714,1
7715,0
7716,1
7717,1
7718,0
7719,1
7720,1
7721,0
7722,1
7723,1
7724,0
7725,0
7726,0
7727,1
7728,1
7729,1
7730,0
7731,0
7732,1
7733,1
7734,0
7735,0
7736,1
7737,1
7738,0
7739,1
7740,1
7741,0
7742,1
7743,1
7744,0
7745,0
7746,1
7747,1
7748,1
7749,0
7750,1
7751,1
7752,0
7753,0
7754,0
7755,0
7756,1
7757,1
7758,0
7759,0
7760,0
7761,0
7762,0
7763,1
7764,1
7765,1
7766,0
7767,1
7768,1
7769,0
7770,0
7771,1
7772,0
7773,1
7774,1
7775,1
7776,1
7777,1
7778,0
7779,1
7780,0
7781,0
7782,0
7783,1
7784,0
7785,1
7786,1
7787,1
7788,0
7789,0
7790,1
7791,0
7792,1
7793,1
7794,1
7795,1
7796,0
7797,1
7798,0
7799,1
7800,0
7801,1
7802,1
7803,0
7804,1
7805,0
7806,1
7807,0
7808,0
7809,0
7810,0
7811,1
7812,0
7813,1
7814,1
7815,1
7816,0
7817,0
7818,1
7819,0
7820,1
7821,1
7822,0
7823,0
7824,1
7825,0
7826,1
7827,1
7828,1
7829,1
7830,0
7831,0
7832,0
7833,1
7834,0
7835,1
7836,0
7837,1
7838,0
7839,1
7840,1
7841,0
7842,1
7843,1
7844,1
7845,1
7846,0
7847,1
7848,1
7849,1
7850,0
7851,1
7852,1
7853,0
7854,1
7855,1
7856,0
7857,1
7858,1
7859,0
7860,1
7861,1
7862,NA
7863,0
7864,1
7865,0
7866,0
7867,1
7868,0
7869,1
7870,1
7871,0
7872,0
7873,0
7874,0
7875,1
7876,1
7877,0
7878,1
7879,0
7880,1
7881,0
7882,0
7883,1
7884,0
7885,0
7886,1
7887,1
7888,0
7889,1
7890,0
7891,1
7892,0
7893,0
7894,1
7895,1
7896,1
7897,0
7898,1
7899,0
7900,1
7901,0
7902,1
7903,0
7904,0
7905,0
7906,0
7907,0
7908,1
7909,0
7910,0
7911,1
7912,1
7913,1
7914,0
7915,1
7916,1
7917,0
7918,1
7919,1
7920,0
7921,1
7922,1
7923,1
7924,0
7925,1
7926,0
7927,1
7928,1
7929,0
7930,1
7931,1
7932,0
7933,1
7934,1
7935,1
7936,0
7937,1
7938,0
7939,0
7940,1
7941,1
7942,1
7943,0
7944,0
7945,0
7946,1
7947,1
7948,0
7949,1
7950,0
7951,0
7952,0
7953,1
7954,0
7955,0
7956,1
7957,0
7958,0
7959,1
7960,0
7961,0
7962,1
7963,1
7964,1
7965,1
7966,0
7967,1
7968,1
7969,1
7970,0
7971,1
7972,0
7973,1
7974,0
7975,1
7976,1
7977,1
7978,1
7979,0
7980,1
7981,1
7982,0
7983,1
7984,0
7985,0
7986,1
7987,1
7988,1
7989,1
7990,1
7991,0
7992,1
7993,0
7994,1
7995,0
7996,0
7997,1
7998,1
7999,1
8000,1
8001,1
8002,0
8003,1
8004,0
8005,1
8006,1
8007,0
8008,1
8009,1
8010,0
8011,1
8012,1
8013,1
8014,1
8015,0
8016,1
8017,1
8018,1
8019,NA
8020,1
8021,0
8022,0
8023,1
8024,1
8025,0
8026,1
8027,1
8028,1
8029,0
8030,0
8031,0
8032,0
8033,1
8034,0
8035,1
8036,1
8037,0
8038,0
8039,1
8040,1
8041,1
8042,0
8043,1
8044,1
8045,1
8046,1
8047,1
8048,1
8049,0
8050,1
8051,1
8052,1
8053,1
8054,0
8055,0
8056,0
8057,0
8058,0
8059,0
8060,1
8061,1
8062,1
8063,0
8064,1
8065,1
8066,NA
8067,1
8068,1
8069,1
8070,0
8071,1
8072,0
8073,1
8074,1
8075,0
8076,1
8077,0
8078,0
8079,1
8080,1
8081,1
8082,1
8083,0
8084,1
8085,1
8086,1
8087,1
8088,1
8089,0
8090,1
8091,1
8092,0
8093,0
8094,1
8095,1
8096,0
8097,0
8098,1
8099,0
8100,0
8101,0
8102,0
8103,1
8104,0
8105,1
8106,0
8107,0
8108,0
8109,1
8110,1
8111,0
8112,1
8113,1
8114,0
8115,1
8116,0
8117,1
8118,0
8119,1
8120,1
8121,0
8122,0
8123,1
8124,1
8125,0
8126,1
8127,1
8128,0
8129,1
8130,0
8131,0
8132,1
8133,1
8134,1
8135,1
8136,1
8137,0
8138,1
8139,0
8140,1
8141,1
8142,1
8143,0
8144,1
8145,0
8146,1
8147,0
8148,0
8149,0
8150,0
8151,1
8152,0
8153,1
8154,1
8155,0
8156,0
8157,1
8158,0
8159,0
8160,1
8161,1
8162,1
8163,1
8164,1
8165,1
8166,0
8167,1
8168,1
8169,1
8170,1
8171,1
8172,1
8173,1
8174,1
8175,0
8176,0
8177,1
8178,0
8179,1
8180,1
8181,1
8182,0
8183,0
8184,1
8185,1
8186,1
8187,0
8188,1
8189,1
8190,0
8191,1
8192,1
8193,1
8194,1
8195,1
8196,0
8197,1
8198,1
8199,1
8200,1
8201,1
8202,1
8203,1
8204,1
8205,1
8206,0
8207,1
8208,1
8209,0
8210,1
8211,0
8212,1
8213,0
8214,0
8215,1
8216,1
8217,1
8218,1
8219,1
8220,0
8221,1
8222,1
8223,1
8224,1
8225,1
8226,1
8227,1
8228,1
8229,1
8230,1
8231,1
8232,1
8233,0
8234,0
8235,0
8236,1
8237,1
8238,1
8239,1
8240,1
8241,1
8242,1
8243,0
8244,1
8245,1
8246,0
8247,0
8248,0
8249,0
8250,1
8251,1
8252,0
8253,0
8254,0
8255,0
8256,0
8257,1
8258,0
8259,1
8260,0
8261,0
8262,0
8263,0
8264,0
8265,0
8266,1
8267,0
8268,0
8269,0
8270,1
8271,1
8272,0
8273,1
8274,1
8275,0
8276,0
8277,0
8278,1
8279,0
8280,1
8281,0
8282,1
8283,1
8284,0
8285,1
8286,1
8287,0
8288,0
8289,1
8290,1
8291,1
8292,1
8293,0
8294,0
8295,0
8296,1
8297,1
8298,0
8299,1
8300,0
8301,1
8302,1
8303,1
8304,0
8305,1
8306,1
8307,0
8308,1
8309,1
8310,0
8311,1
8312,1
8313,1
8314,0
8315,0
8316,0
8317,1
8318,0
8319,0
8320,1
8321,1
8322,1
8323,1
8324,1
8325,0
8326,0
8327,1
8328,1
8329,0
8330,1
8331,0
8332,1
8333,1
8334,0
8335,1
8336,0
8337,0
8338,0
8339,0
8340,1
8341,1
8342,0
8343,0
8344,0
8345,0
8346,1
8347,0
8348,1
8349,0
8350,1
8351,0
8352,1
8353,0
8354,1
8355,1
8356,0
8357,0
8358,1
8359,1
8360,0
8361,0
8362,1
8363,1
8364,1
8365,1
8366,0
8367,0
8368,0
8369,1
8370,1
8371,1
8372,1
8373,1
8374,1
8375,0
8376,1
8377,0
8378,1
8379,0
8380,0
8381,1
8382,0
8383,1
8384,0
8385,1
8386,0
8387,1
8388,1
8389,1
8390,0
8391,1
8392,1
8393,1
8394,1
8395,1
8396,0
8397,1
8398,1
8399,1
8400,0
8401,0
8402,1
8403,0
8404,1
8405,0
8406,1
8407,0
8408,0
8409,0
8410,0
8411,1
8412,1
8413,1
8414,0
8415,1
8416,1
8417,0
8418,0
8419,0
8420,0
8421,0
8422,0
8423,1
8424,1
8425,0
8426,1
8427,0
8428,0
8429,1
8430,1
8431,0
8432,1
8433,0
8434,1
8435,1
8436,0
8437,1
8438,1
8439,0
8440,1
8441,1
8442,0
8443,0
8444,0
8445,1
8446,1
8447,1
8448,0
8449,0
8450,1
8451,1
8452,0
8453,0
8454,1
8455,1
8456,0
8457,1
8458,1
8459,0
8460,1
8461,1
8462,0
8463,0
8464,1
8465,1
8466,1
8467,0
8468,1
8469,1
8470,0
8471,0
8472,0
8473,0
8474,1
8475,1
8476,0
8477,0
8478,0
8479,0
8480,0
8481,1
8482,1
8483,1
8484,0
8485,1
8486,1
8487,0
8488,0
8489,1
8490,0
8491,1
8492,1
8493,1
8494,1
8495,1
8496,0
8497,1
8498,0
8499,0
8500,0
8501,1
8502,0
8503,1
8504,1
8505,1
8506,0
8507,0
8508,1
8509,0
8510,1
8511,1
8512,1
8513,1
8514,0
8515,1
8516,0
8517,1
8518,0
8519,1
8520,1
8521,0
8522,1
8523,0
8524,1
8525,0
8526,0
8527,0
8528,0
8529,1
8530,0
8531,1
8532,1
8533,1
8534,0
8535,0
8536,1
8537,0
8538,1
8539,1
8540,0
8541,0
8542,1
8543,0
8544,1
8545,1
8546,1
8547,1
8548,0
8549,0
8550,0
8551,1
8552,0
8553,1
8554,0
8555,1
8556,0
8557,1
8558,1
8559,0
8560,1
8561,1
8562,1
8563,1
8564,0
8565,1
8566,1
8567,1
8568,0
8569,1
8570,1
8571,0
8572,1
8573,1
8574,0
8575,1
8576,1
8577,0
8578,1
8579,1
8580,NA
8581,0
8582,1
8583,0
8584,0
8585,1
8586,0
8587,1
8588,1
8589,0
8590,0
8591,0
8592,0
8593,1
8594,1
8595,0
8596,1
8597,0
8598,1
8599,0
8600,0
8601,1
8602,0
8603,0
8604,1
8605,1
8606,0
8607,1
8608,0
8609,1
8610,0
8611,0
8612,1
8613,1
8614,1
8615,0
8616,1
8617,0
8618,1
8619,0
8620,1
8621,0
8622,0
8623,0
8624,0
8625,0
8626,1
8627,0
8628,0
8629,1
8630,1
8631,1
8632,0
8633,1
8634,1
8635,0
8636,1
8637,1
8638,0
8639,1
8640,1
8641,1
8642,0
8643,1
8644,0
8645,1
8646,1
8647,0
8648,1
8649,1
8650,0
8651,1
8652,1
8653,1
8654,0
8655,1
8656,0
8657,0
8658,1
8659,1
8660,1
8661,0
8662,0
8663,0
8664,1
8665,1
8666,0
8667,1
8668,0
8669,0
8670,0
8671,1
8672,0
8673,0
8674,1
8675,0
8676,0
8677,1
8678,0
8679,0
8680,1
8681,1
8682,1
8683,1
8684,0
8685,1
8686,1
8687,1
8688,0
8689,1
8690,0
8691,1
8692,0
8693,1
8694,1
8695,1
8696,1
8697,0
8698,1
8699,1
8700,0
8701,1
8702,0
8703,0
8704,1
8705,1
8706,1
8707,1
8708,1
8709,0
8710,1
8711,0
8712,1
8713,0
8714,0
8715,1
8716,1
8717,1
8718,1
8719,1
8720,0
8721,1
8722,0
8723,1
8724,1
8725,0
8726,1
