1,NA
2,NA
3,0
4,NA
5,NA
6,NA
7,NA
8,NA
9,NA
10,NA
11,NA
12,NA
13,NA
14,NA
15,NA
16,0
17,0
18,0
19,0
20,NA
21,NA
22,NA
23,0
24,NA
25,0
26,NA
27,0
28,NA
29,NA
30,0
31,0
32,NA
33,0
34,0
35,NA
36,0
37,NA
38,NA
39,NA
40,NA
41,0
42,NA
43,0
44,NA
45,0
46,0
47,0
48,NA
49,NA
50,NA
51,NA
52,0
53,0
54,0
55,NA
56,NA
57,NA
58,0
59,0
60,0
61,NA
62,0
63,NA
64,NA
65,0
66,NA
67,NA
68,NA
69,0
70,NA
71,0
72,0
73,0
74,NA
75,0
76,0
77,NA
78,NA
79,0
80,NA
81,NA
82,NA
83,NA
84,0
85,0
86,NA
87,NA
88,0
89,0
90,NA
91,NA
92,0
93,0
94,NA
95,NA
96,0
97,0
98,0
99,0
100,NA
101,NA
102,0
103,NA
104,0
105,NA
106,0
107,NA
108,0
109,NA
110,0
111,0
112,NA
113,0
114,0
115,0
116,0
117,0
118,NA
119,0
120,NA
121,NA
122,NA
123,NA
124,0
125,0
126,NA
127,0
128,NA
129,NA
130,0
131,0
132,0
133,0
134,NA
135,NA
136,0
137,0
138,0
139,NA
140,0
141,0
142,NA
143,NA
144,NA
145,NA
146,NA
147,0
148,NA
149,NA
150,NA
151,NA
152,0
153,NA
154,NA
155,0
156,0
157,NA
158,NA
159,0
160,0
161,0
162,NA
163,NA
164,0
165,0
166,NA
167,0
168,NA
169,0
170,0
171,0
172,NA
173,0
174,0
175,0
176,NA
177,0
178,NA
179,NA
180,NA
181,NA
182,0
183,0
184,0
185,NA
186,0
187,0
188,NA
189,0
190,0
191,NA
192,0
193,0
194,NA
195,0
196,NA
197,0
198,0
199,0
200,NA
201,0
202,0
203,0
204,NA
205,0
206,NA
207,0
208,0
209,NA
210,NA
211,0
212,0
213,0
214,NA
215,0
216,NA
217,0
218,NA
219,0
220,NA
221,NA
222,0
223,NA
224,NA
225,NA
226,NA
227,0
228,NA
229,NA
230,NA
231,0
232,0
233,NA
234,0
235,NA
236,NA
237,NA
238,0
239,NA
240,NA
241,0
242,NA
243,0
244,0
245,0
246,NA
247,NA
248,0
249,NA
250,NA
251,NA
252,0
253,NA
254,NA
255,NA
256,NA
257,NA
258,0
259,0
260,0
261,NA
262,NA
263,NA
264,NA
265,NA
266,NA
267,NA
268,NA
269,NA
270,0
271,NA
272,NA
273,0
274,NA
275,0
276,NA
277,NA
278,NA
279,0
280,NA
281,NA
282,NA
283,NA
284,NA
285,NA
286,0
287,NA
288,NA
289,NA
290,0
291,NA
292,NA
293,NA
294,NA
295,0
296,NA
297,NA
298,1
299,NA
300,NA
301,NA
302,NA
303,1
304,NA
305,NA
306,1
307,NA
308,NA
309,NA
310,NA
311,1
312,NA
313,NA
314,NA
315,NA
316,NA
317,NA
318,NA
319,NA
320,NA
321,NA
322,NA
323,NA
324,NA
325,1
326,NA
327,1
328,1
329,1
330,NA
331,1
332,NA
333,1
334,NA
335,1
336,1
337,1
338,NA
339,NA
340,NA
341,NA
342,1
343,0
344,NA
345,NA
346,0
347,NA
348,NA
349,1
350,NA
351,1
352,0
353,NA
354,NA
355,NA
356,1
357,NA
358,NA
359,0
360,1
361,0
362,1
363,NA
364,NA
365,NA
366,0
367,1
368,1
369,NA
370,NA
371,NA
372,NA
373,NA
374,1
375,NA
376,1
377,0
378,NA
379,NA
380,0
381,NA
382,1
383,0
384,NA
385,NA
386,1
387,NA
388,NA
389,NA
390,1
391,NA
392,NA
393,NA
394,NA
395,1
396,NA
397,1
398,NA
399,1
400,1
401,1
402,1
403,NA
404,1
405,1
406,1
407,NA
408,NA
409,NA
410,NA
411,NA
412,1
413,NA
414,NA
415,1
416,1
417,NA
418,1
419,NA
420,1
421,NA
422,1
423,1
424,NA
425,1
426,NA
427,NA
428,NA
429,NA
430,0
431,0
432,NA
433,NA
434,1
435,NA
436,1
437,1
438,1
439,NA
440,NA
441,NA
442,NA
443,NA
444,NA
445,NA
446,NA
447,1
448,NA
449,NA
450,NA
451,NA
452,0
453,1
454,NA
455,1
456,NA
457,NA
458,1
459,NA
460,NA
461,1
462,NA
463,1
464,NA
465,1
466,1
467,NA
468,1
469,1
470,NA
471,1
472,NA
473,NA
474,NA
475,NA
476,NA
477,1
478,NA
479,1
480,1
481,1
482,1
483,NA
484,1
485,NA
486,NA
487,NA
488,1
489,1
490,1
491,NA
492,1
493,1
494,1
495,NA
496,1
497,NA
498,NA
499,NA
500,NA
501,1
502,1
503,NA
504,1
505,1
506,1
507,NA
508,1
509,1
510,NA
511,NA
512,1
513,NA
514,NA
515,NA
516,1
517,NA
518,NA
519,NA
520,1
521,1
522,NA
523,NA
524,1
525,NA
526,NA
527,NA
528,NA
529,NA
530,NA
531,NA
532,NA
533,NA
534,1
535,1
536,NA
537,1
538,1
539,1
540,NA
541,NA
542,NA
543,NA
544,1
545,NA
546,NA
547,1
548,1
549,NA
550,NA
551,NA
552,NA
553,NA
554,1
555,NA
556,1
557,NA
558,NA
559,NA
560,0
561,NA
562,NA
563,NA
564,1
565,1
566,NA
567,1
568,1
569,NA
570,1
571,NA
572,NA
573,NA
574,NA
575,NA
576,NA
577,1
578,1
579,NA
580,NA
581,NA
582,NA
583,NA
584,NA
585,NA
586,NA
587,NA
588,NA
589,1
590,NA
591,NA
592,1
593,1
594,NA
595,1
596,1
597,1
598,1
599,NA
600,NA
601,NA
602,NA
603,NA
604,NA
605,NA
606,NA
607,NA
608,NA
609,1
610,NA
611,1
612,NA
613,NA
614,NA
615,1
616,NA
617,1
618,NA
619,0
620,1
621,NA
622,1
623,NA
624,1
625,NA
626,NA
627,1
628,NA
629,NA
630,NA
631,NA
632,0
633,NA
634,NA
635,1
636,NA
637,0
638,NA
639,1
640,NA
641,NA
642,NA
643,NA
644,NA
645,1
646,1
647,1
648,1
649,1
650,1
651,1
652,1
653,NA
654,1
655,NA
656,NA
657,NA
658,NA
659,1
660,NA
661,1
662,1
663,NA
664,1
665,0
666,NA
667,NA
668,NA
669,NA
670,NA
671,NA
672,1
673,1
674,1
675,NA
676,NA
677,NA
678,NA
679,NA
680,NA
681,NA
682,NA
683,NA
684,NA
685,NA
686,NA
687,NA
688,NA
689,NA
690,NA
691,NA
692,1
693,1
694,1
695,1
696,1
697,NA
698,NA
699,1
700,NA
701,NA
702,NA
703,NA
704,NA
705,NA
706,NA
707,NA
708,1
709,1
710,1
711,NA
712,NA
713,1
714,1
715,NA
716,NA
717,1
718,NA
719,NA
720,NA
721,1
722,NA
723,1
724,1
725,NA
726,NA
727,NA
728,NA
729,1
730,1
731,NA
732,1
733,1
734,NA
735,1
736,1
737,NA
738,NA
739,NA
740,NA
741,NA
742,NA
743,1
744,1
745,NA
746,NA
747,1
748,NA
749,NA
750,1
751,1
752,NA
753,NA
754,NA
755,1
756,1
757,1
758,NA
759,1
760,NA
761,NA
762,1
763,NA
764,NA
765,NA
766,NA
767,NA
768,NA
769,NA
770,1
771,NA
772,NA
773,NA
774,1
775,NA
776,1
777,NA
778,0
779,1
780,NA
781,NA
782,1
783,1
784,1
785,NA
786,NA
787,NA
788,0
789,NA
790,1
791,1
792,1
793,1
794,NA
795,NA
796,0
797,NA
798,0
799,NA
800,1
801,NA
802,1
803,NA
804,1
805,1
806,NA
807,NA
808,NA
809,NA
810,NA
811,0
812,NA
813,NA
814,1
815,NA
816,1
817,0
818,1
819,NA
820,1
821,0
822,0
823,NA
824,NA
825,NA
826,NA
827,1
828,NA
829,NA
830,1
831,0
832,1
833,NA
834,NA
835,1
836,NA
837,NA
838,NA
839,0
840,1
841,NA
842,NA
843,1
844,NA
845,NA
846,NA
847,NA
848,1
849,NA
850,NA
851,NA
852,1
853,NA
854,NA
855,NA
856,1
857,1
858,NA
859,NA
860,1
861,1
862,1
863,1
864,1
865,1
866,NA
867,NA
868,1
869,NA
870,NA
871,NA
872,1
873,1
874,1
875,1
876,NA
877,1
878,NA
879,NA
880,NA
881,NA
882,1
883,NA
884,NA
885,NA
886,NA
887,NA
888,NA
889,NA
890,NA
891,NA
892,NA
893,1
894,NA
895,NA
896,1
897,NA
898,NA
899,0
900,1
901,NA
902,1
903,NA
904,1
905,1
906,1
907,NA
908,1
909,NA
910,NA
911,NA
912,NA
913,NA
914,1
915,1
916,NA
917,1
918,NA
919,NA
920,NA
921,NA
922,NA
923,NA
924,1
925,0
926,1
927,NA
928,NA
929,NA
930,NA
931,NA
932,NA
933,NA
934,NA
935,1
936,1
937,NA
938,NA
939,NA
940,1
941,NA
942,NA
943,1
944,0
945,1
946,1
947,NA
948,1
949,NA
950,NA
951,NA
952,NA
953,NA
954,NA
955,NA
956,1
957,1
958,1
959,NA
960,NA
961,NA
962,NA
963,NA
964,NA
965,NA
966,NA
967,NA
968,1
969,NA
970,NA
971,NA
972,0
973,NA
974,NA
975,1
976,NA
977,NA
978,NA
979,NA
980,NA
981,NA
982,NA
983,NA
984,NA
985,1
986,NA
987,NA
988,NA
989,NA
990,NA
991,1
992,NA
993,NA
994,NA
995,1
996,0
997,NA
998,1
999,1
1000,1
1001,NA
1002,NA
1003,NA
1004,1
1005,NA
1006,NA
1007,NA
1008,NA
1009,NA
1010,NA
1011,NA
1012,NA
1013,1
1014,1
1015,1
1016,NA
1017,1
1018,1
1019,NA
1020,NA
1021,NA
1022,NA
1023,NA
1024,NA
1025,NA
1026,1
1027,1
1028,NA
1029,NA
1030,0
1031,NA
1032,1
1033,NA
1034,1
1035,NA
1036,NA
1037,NA
1038,1
1039,1
1040,1
1041,1
1042,NA
1043,1
1044,1
1045,1
1046,NA
1047,NA
1048,NA
1049,1
1050,NA
1051,1
1052,NA
1053,NA
1054,NA
1055,NA
1056,1
1057,1
1058,NA
1059,NA
1060,NA
1061,NA
1062,NA
1063,NA
1064,1
1065,NA
1066,NA
1067,1
1068,1
1069,NA
1070,1
1071,NA
1072,1
1073,1
1074,NA
1075,1
1076,NA
1077,1
1078,NA
1079,NA
1080,NA
1081,1
1082,NA
1083,1
1084,NA
1085,NA
1086,1
1087,NA
1088,1
1089,NA
1090,NA
1091,NA
1092,NA
1093,NA
1094,NA
1095,NA
1096,NA
1097,NA
1098,1
1099,1
1100,NA
1101,NA
1102,NA
1103,NA
1104,NA
1105,1
1106,1
1107,NA
1108,NA
1109,1
1110,NA
1111,NA
1112,NA
1113,1
1114,NA
1115,1
1116,NA
1117,1
1118,NA
1119,NA
1120,1
1121,NA
1122,NA
1123,1
1124,NA
1125,1
1126,NA
1127,0
1128,1
1129,1
1130,NA
1131,NA
1132,1
1133,NA
1134,NA
1135,NA
1136,NA
1137,NA
1138,NA
1139,NA
1140,NA
1141,NA
1142,NA
1143,NA
1144,NA
1145,0
1146,NA
1147,1
1148,1
1149,NA
1150,NA
1151,NA
1152,NA
1153,NA
1154,NA
1155,NA
1156,NA
1157,0
1158,NA
1159,NA
1160,1
1161,NA
1162,NA
1163,NA
1164,NA
1165,1
1166,NA
1167,1
1168,NA
1169,NA
1170,NA
1171,NA
1172,NA
1173,NA
1174,NA
1175,NA
1176,NA
1177,1
1178,NA
1179,NA
1180,NA
1181,NA
1182,NA
1183,1
1184,1
1185,NA
1186,NA
1187,1
1188,1
1189,1
1190,NA
1191,NA
1192,1
1193,1
1194,NA
1195,0
1196,1
1197,NA
1198,NA
1199,1
1200,NA
1201,1
1202,NA
1203,NA
1204,NA
1205,1
1206,NA
1207,1
1208,NA
1209,NA
1210,1
1211,NA
1212,NA
1213,1
1214,NA
1215,NA
1216,1
1217,NA
1218,1
1219,1
1220,NA
1221,1
1222,NA
1223,NA
1224,NA
1225,NA
1226,1
1227,NA
1228,NA
1229,1
1230,1
1231,NA
1232,1
1233,NA
1234,NA
1235,NA
1236,NA
1237,NA
1238,1
1239,1
1240,1
1241,1
1242,1
1243,NA
1244,1
1245,1
1246,NA
1247,1
1248,NA
1249,NA
1250,1
1251,0
1252,1
1253,NA
1254,NA
1255,NA
1256,NA
1257,NA
1258,NA
1259,NA
1260,NA
1261,1
1262,NA
1263,NA
1264,1
1265,1
1266,NA
1267,NA
1268,NA
1269,NA
1270,NA
1271,NA
1272,1
1273,1
1274,NA
1275,NA
1276,NA
1277,0
1278,NA
1279,1
1280,0
1281,NA
1282,NA
1283,1
1284,NA
1285,NA
1286,0
1287,1
1288,NA
1289,NA
1290,NA
1291,NA
1292,1
1293,NA
1294,NA
1295,NA
1296,NA
1297,1
1298,NA
1299,NA
1300,NA
1301,NA
1302,1
1303,1
1304,NA
1305,1
1306,NA
1307,NA
1308,NA
1309,1
1310,NA
1311,1
1312,NA
1313,1
1314,1
1315,0
1316,NA
1317,NA
1318,NA
1319,NA
1320,NA
1321,NA
1322,1
1323,1
1324,1
1325,NA
1326,NA
1327,NA
1328,NA
1329,0
1330,NA
1331,NA
1332,NA
1333,NA
1334,1
1335,NA
1336,1
1337,1
1338,NA
1339,NA
1340,NA
1341,1
1342,0
1343,NA
1344,NA
1345,NA
1346,NA
1347,0
1348,NA
1349,0
1350,0
1351,NA
1352,NA
1353,NA
1354,0
1355,0
1356,NA
1357,0
1358,NA
1359,NA
1360,NA
1361,0
1362,0
1363,0
1364,0
1365,0
1366,NA
1367,NA
1368,0
1369,0
1370,0
1371,0
1372,0
1373,0
1374,0
1375,0
1376,0
1377,0
1378,0
1379,NA
1380,0
1381,0
1382,0
1383,0
1384,NA
1385,0
1386,0
1387,0
1388,0
1389,0
1390,0
1391,0
1392,NA
1393,0
1394,0
1395,0
1396,0
1397,0
1398,NA
1399,NA
1400,0
1401,0
1402,0
1403,NA
1404,0
1405,0
1406,0
1407,0
1408,0
1409,0
1410,0
1411,0
1412,0
1413,0
1414,0
1415,NA
1416,0
1417,0
1418,0
1419,0
1420,0
1421,0
1422,0
1423,0
1424,0
1425,0
1426,NA
1427,NA
1428,0
1429,0
1430,0
1431,NA
1432,NA
1433,0
1434,0
1435,NA
1436,NA
1437,0
1438,NA
1439,0
1440,NA
1441,NA
1442,0
1443,NA
1444,0
1445,0
1446,0
1447,0
1448,NA
1449,NA
1450,0
1451,0
1452,0
1453,NA
1454,0
1455,0
1456,NA
1457,NA
1458,0
1459,0
1460,0
1461,0
1462,NA
1463,NA
1464,NA
1465,NA
1466,0
1467,NA
1468,NA
1469,0
1470,0
1471,NA
1472,NA
1473,0
1474,NA
1475,NA
1476,NA
1477,0
1478,0
1479,0
1480,0
1481,NA
1482,NA
1483,0
1484,0
1485,NA
1486,0
1487,0
1488,NA
1489,0
1490,0
1491,NA
1492,NA
1493,0
1494,NA
1495,NA
1496,0
1497,0
1498,NA
1499,0
1500,NA
1501,NA
1502,NA
1503,0
1504,NA
1505,0
1506,NA
1507,NA
1508,NA
1509,NA
1510,NA
1511,NA
1512,0
1513,NA
1514,NA
1515,0
1516,0
1517,0
1518,0
1519,NA
1520,0
1521,NA
1522,0
1523,0
1524,0
1525,0
1526,NA
1527,0
1528,0
1529,NA
1530,0
1531,0
1532,0
1533,NA
1534,NA
1535,0
1536,NA
1537,NA
1538,0
1539,0
1540,NA
1541,NA
1542,NA
1543,0
1544,0
1545,NA
1546,0
1547,0
1548,NA
1549,0
1550,0
1551,0
1552,0
1553,0
1554,0
1555,0
1556,0
1557,0
1558,0
1559,0
1560,0
1561,NA
1562,0
1563,NA
1564,0
1565,0
1566,0
1567,0
1568,0
1569,NA
1570,NA
1571,0
1572,0
1573,0
1574,0
1575,0
1576,0
1577,0
1578,0
1579,0
1580,0
1581,0
1582,0
1583,0
1584,0
1585,0
1586,0
1587,0
1588,0
1589,NA
1590,0
1591,0
1592,0
1593,0
1594,0
1595,0
1596,NA
1597,NA
1598,NA
1599,0
1600,0
1601,NA
1602,0
1603,0
1604,NA
1605,0
1606,0
1607,0
1608,NA
1609,0
1610,0
1611,0
1612,0
1613,0
1614,0
1615,0
1616,0
1617,0
1618,0
1619,0
1620,NA
1621,0
1622,0
1623,0
1624,NA
1625,0
1626,0
1627,NA
1628,0
1629,0
1630,0
1631,0
1632,0
1633,0
1634,0
1635,0
1636,0
1637,0
1638,0
1639,0
1640,0
1641,0
1642,1
1643,1
1644,NA
1645,1
1646,NA
1647,1
1648,NA
1649,NA
1650,1
1651,1
1652,1
1653,1
1654,NA
1655,NA
1656,1
1657,1
1658,1
1659,NA
1660,NA
1661,1
1662,1
1663,1
1664,1
1665,1
1666,1
1667,1
1668,1
1669,1
1670,NA
1671,NA
1672,1
1673,NA
1674,1
1675,NA
1676,NA
1677,NA
1678,1
1679,1
1680,1
1681,1
1682,1
1683,NA
1684,NA
1685,NA
1686,1
1687,1
1688,1
1689,1
1690,1
1691,1
1692,NA
1693,NA
1694,1
1695,1
1696,1
1697,1
1698,NA
1699,1
1700,NA
1701,NA
1702,NA
1703,NA
1704,1
1705,1
1706,NA
1707,1
1708,NA
1709,1
1710,1
1711,NA
1712,1
1713,1
1714,1
1715,NA
1716,NA
1717,NA
1718,1
1719,1
1720,NA
1721,1
1722,NA
1723,1
1724,NA
1725,1
1726,1
1727,1
1728,1
1729,NA
1730,1
1731,NA
1732,NA
1733,1
1734,NA
1735,NA
1736,1
1737,1
1738,NA
1739,1
1740,1
1741,1
1742,NA
1743,NA
1744,1
1745,0
1746,NA
1747,0
1748,1
1749,NA
1750,0
1751,NA
1752,1
1753,NA
1754,NA
1755,0
1756,1
1757,NA
1758,1
1759,NA
1760,NA
1761,NA
1762,NA
1763,NA
1764,1
1765,1
1766,NA
1767,NA
1768,NA
1769,NA
1770,1
1771,1
1772,NA
1773,NA
1774,NA
1775,NA
1776,1
1777,NA
1778,NA
1779,NA
1780,NA
1781,NA
1782,NA
1783,NA
1784,NA
1785,1
1786,NA
1787,NA
1788,1
1789,NA
1790,NA
1791,1
1792,NA
1793,NA
1794,1
1795,NA
1796,NA
1797,NA
1798,NA
1799,NA
1800,NA
1801,NA
1802,1
1803,NA
1804,NA
1805,NA
1806,1
1807,1
1808,1
1809,1
1810,1
1811,1
1812,1
1813,1
1814,1
1815,NA
1816,NA
1817,1
1818,1
1819,1
1820,NA
1821,1
1822,1
1823,NA
1824,NA
1825,1
1826,1
1827,1
1828,NA
1829,1
1830,1
1831,1
1832,1
1833,1
1834,NA
1835,1
1836,NA
1837,1
1838,NA
1839,1
1840,NA
1841,NA
1842,NA
1843,NA
1844,1
1845,NA
1846,1
1847,1
1848,1
1849,1
1850,1
1851,1
1852,1
1853,1
1854,1
1855,NA
1856,NA
1857,1
1858,NA
1859,1
1860,1
1861,NA
1862,NA
1863,1
1864,1
1865,1
1866,1
1867,NA
1868,1
1869,1
1870,1
1871,1
1872,1
1873,1
1874,1
1875,1
1876,NA
1877,NA
1878,1
1879,1
1880,1
1881,NA
1882,1
1883,1
1884,NA
1885,NA
1886,1
1887,1
1888,1
1889,0
1890,NA
1891,1
1892,1
1893,1
1894,NA
1895,1
1896,NA
1897,1
1898,1
1899,1
1900,1
1901,1
1902,1
1903,NA
1904,1
1905,1
1906,1
1907,1
1908,1
1909,1
1910,1
1911,1
1912,0
1913,1
1914,NA
1915,NA
1916,NA
1917,NA
1918,NA
1919,1
1920,1
1921,1
1922,1
1923,1
1924,1
1925,1
1926,NA
1927,NA
1928,1
1929,NA
1930,1
1931,1
1932,NA
1933,NA
1934,NA
1935,1
1936,1
1937,1
1938,1
1939,0
1940,1
1941,1
1942,1
1943,1
1944,1
1945,1
1946,1
1947,1
1948,0
1949,NA
1950,1
1951,0
1952,1
1953,1
1954,1
1955,1
1956,1
1957,NA
1958,1
1959,NA
1960,1
1961,1
1962,1
1963,NA
1964,NA
1965,NA
1966,NA
1967,1
1968,1
1969,NA
1970,NA
1971,1
1972,1
1973,NA
1974,NA
1975,NA
1976,1
1977,NA
1978,1
1979,NA
1980,NA
1981,NA
1982,1
1983,1
1984,1
1985,1
1986,NA
1987,1
1988,NA
1989,NA
1990,1
1991,NA
1992,NA
1993,1
1994,NA
1995,1
1996,NA
1997,NA
1998,NA
1999,NA
2000,NA
2001,1
2002,1
2003,1
2004,NA
2005,NA
2006,NA
2007,NA
2008,NA
2009,NA
2010,NA
2011,NA
2012,NA
2013,NA
2014,NA
2015,NA
2016,NA
2017,NA
2018,NA
2019,NA
2020,NA
2021,NA
2022,NA
2023,NA
2024,1
2025,NA
2026,1
2027,NA
2028,NA
2029,NA
2030,NA
2031,NA
2032,NA
2033,1
2034,1
2035,NA
2036,1
2037,1
2038,1
2039,NA
2040,NA
2041,1
2042,NA
2043,1
2044,1
2045,1
2046,NA
2047,NA
2048,1
2049,1
2050,NA
2051,1
2052,1
2053,1
2054,1
2055,1
2056,1
2057,NA
2058,0
2059,NA
2060,NA
2061,NA
2062,NA
2063,1
2064,NA
2065,NA
2066,NA
2067,1
2068,1
2069,NA
2070,NA
2071,NA
2072,1
2073,1
2074,NA
2075,NA
2076,NA
2077,0
2078,1
2079,NA
2080,1
2081,NA
2082,1
2083,NA
2084,1
2085,NA
2086,NA
2087,1
2088,NA
2089,NA
2090,0
2091,1
2092,NA
2093,NA
2094,NA
2095,NA
2096,NA
2097,NA
2098,NA
2099,NA
2100,NA
2101,1
2102,1
2103,1
2104,NA
2105,NA
2106,1
2107,NA
2108,NA
2109,1
2110,1
2111,NA
2112,1
2113,NA
2114,NA
2115,NA
2116,NA
2117,NA
2118,1
2119,NA
2120,NA
2121,1
2122,1
2123,1
2124,1
2125,NA
2126,1
2127,NA
2128,NA
2129,NA
2130,1
2131,NA
2132,NA
2133,1
2134,NA
2135,1
2136,NA
2137,NA
2138,NA
2139,NA
2140,1
2141,NA
2142,NA
2143,1
2144,NA
2145,NA
2146,NA
2147,NA
2148,NA
2149,NA
2150,NA
2151,NA
2152,NA
2153,NA
2154,1
2155,NA
2156,0
2157,NA
2158,1
2159,NA
2160,NA
2161,1
2162,1
2163,NA
2164,NA
2165,1
2166,1
2167,1
2168,1
2169,NA
2170,1
2171,NA
2172,NA
2173,0
2174,NA
2175,1
2176,0
2177,NA
2178,0
2179,0
2180,NA
2181,1
2182,NA
2183,NA
2184,NA
2185,0
2186,0
2187,NA
2188,NA
2189,NA
2190,1
2191,NA
2192,0
2193,NA
2194,1
2195,1
2196,0
2197,1
2198,NA
2199,NA
2200,NA
2201,NA
2202,1
2203,NA
2204,NA
2205,1
2206,1
2207,NA
2208,1
2209,0
2210,NA
2211,1
2212,0
2213,NA
2214,NA
2215,NA
2216,0
2217,1
2218,NA
2219,1
2220,NA
2221,NA
2222,NA
2223,1
2224,NA
2225,NA
2226,NA
2227,NA
2228,NA
2229,0
2230,1
2231,1
2232,0
2233,NA
2234,NA
2235,NA
2236,NA
2237,1
2238,1
2239,1
2240,0
2241,NA
2242,NA
2243,1
2244,NA
2245,1
2246,NA
2247,NA
2248,NA
2249,0
2250,0
2251,NA
2252,NA
2253,1
2254,NA
2255,NA
2256,1
2257,1
2258,NA
2259,1
2260,1
2261,0
2262,NA
2263,0
2264,NA
2265,1
2266,NA
2267,NA
2268,1
2269,0
2270,NA
2271,1
2272,NA
2273,NA
2274,NA
2275,NA
2276,NA
2277,1
2278,NA
2279,NA
2280,NA
2281,NA
2282,1
2283,0
2284,0
2285,1
2286,1
2287,NA
2288,NA
2289,NA
2290,NA
2291,NA
2292,0
2293,NA
2294,NA
2295,1
2296,NA
2297,NA
2298,NA
2299,NA
2300,NA
2301,1
2302,1
2303,NA
2304,1
2305,NA
2306,NA
2307,NA
2308,NA
2309,0
2310,NA
2311,1
2312,NA
2313,0
2314,1
2315,NA
2316,1
2317,NA
2318,NA
2319,NA
2320,NA
2321,1
2322,NA
2323,NA
2324,NA
2325,NA
2326,1
2327,NA
2328,NA
2329,1
2330,NA
2331,NA
2332,NA
2333,NA
2334,1
2335,NA
2336,1
2337,0
2338,NA
2339,1
2340,NA
2341,NA
2342,NA
2343,NA
2344,0
2345,0
2346,NA
2347,NA
2348,0
2349,1
2350,1
2351,NA
2352,1
2353,0
2354,1
2355,1
2356,1
2357,NA
2358,NA
2359,NA
2360,1
2361,1
2362,NA
2363,NA
2364,NA
2365,NA
2366,NA
2367,0
2368,NA
2369,NA
2370,NA
2371,NA
2372,NA
2373,1
2374,NA
2375,NA
2376,0
2377,NA
2378,0
2379,NA
2380,1
2381,1
2382,NA
2383,NA
2384,1
2385,NA
2386,1
2387,0
2388,NA
2389,1
2390,1
2391,NA
2392,NA
2393,0
2394,NA
2395,NA
2396,NA
2397,0
2398,0
2399,NA
2400,NA
2401,NA
2402,NA
2403,NA
2404,1
2405,1
2406,1
2407,NA
2408,1
2409,NA
2410,NA
2411,0
2412,NA
2413,0
2414,0
2415,NA
2416,NA
2417,NA
2418,1
2419,1
2420,NA
2421,NA
2422,1
2423,1
2424,NA
2425,0
2426,1
2427,1
2428,NA
2429,NA
2430,0
2431,0
2432,NA
2433,1
2434,0
2435,0
2436,1
2437,NA
2438,NA
2439,0
2440,NA
2441,1
2442,NA
2443,0
2444,1
2445,1
2446,NA
2447,0
2448,NA
2449,NA
2450,1
2451,0
2452,NA
2453,1
2454,NA
2455,1
2456,1
2457,1
2458,NA
2459,NA
2460,0
2461,1
2462,1
2463,1
2464,0
2465,NA
2466,NA
2467,0
2468,1
2469,NA
2470,1
2471,NA
2472,1
2473,0
2474,1
2475,NA
2476,NA
2477,0
2478,NA
2479,0
2480,NA
2481,1
2482,NA
2483,0
2484,NA
2485,NA
2486,NA
2487,1
2488,NA
2489,NA
2490,NA
2491,NA
2492,NA
2493,NA
2494,NA
2495,1
2496,NA
2497,NA
2498,NA
2499,0
2500,NA
2501,NA
2502,NA
2503,NA
2504,NA
2505,NA
2506,1
2507,NA
2508,NA
2509,NA
2510,1
2511,NA
2512,0
2513,1
2514,NA
2515,0
2516,NA
2517,NA
2518,1
2519,1
2520,0
2521,NA
2522,0
2523,1
2524,NA
2525,0
2526,1
2527,0
2528,1
2529,1
2530,0
2531,NA
2532,NA
2533,NA
2534,NA
2535,NA
2536,1
2537,NA
2538,NA
2539,1
2540,1
2541,1
2542,0
2543,1
2544,1
2545,1
2546,NA
2547,NA
2548,NA
2549,0
2550,1
2551,NA
2552,NA
2553,NA
2554,NA
2555,NA
2556,NA
2557,NA
2558,1
2559,NA
2560,NA
2561,NA
2562,NA
2563,1
2564,NA
2565,0
2566,NA
2567,1
2568,1
2569,0
2570,NA
2571,0
2572,1
2573,1
2574,1
2575,NA
2576,0
2577,NA
2578,1
2579,1
2580,1
2581,NA
2582,1
2583,NA
2584,NA
2585,0
2586,NA
2587,NA
2588,1
2589,NA
2590,1
2591,NA
2592,NA
2593,0
2594,NA
2595,1
2596,0
2597,1
2598,0
2599,NA
2600,NA
2601,1
2602,NA
2603,NA
2604,1
2605,NA
2606,0
2607,0
2608,NA
2609,1
2610,NA
2611,NA
2612,NA
2613,NA
2614,NA
2615,NA
2616,1
2617,NA
2618,0
2619,1
2620,1
2621,0
2622,1
2623,0
2624,0
2625,1
2626,0
2627,NA
2628,NA
2629,1
2630,NA
2631,NA
2632,NA
2633,NA
2634,0
2635,NA
2636,NA
2637,0
2638,NA
2639,NA
2640,0
2641,0
2642,1
2643,0
2644,1
2645,NA
2646,NA
2647,NA
2648,1
2649,NA
2650,NA
2651,NA
2652,NA
2653,0
2654,NA
2655,NA
2656,0
2657,NA
2658,NA
2659,NA
2660,NA
2661,NA
2662,NA
2663,NA
2664,NA
2665,0
2666,NA
2667,1
2668,1
2669,1
2670,NA
2671,NA
2672,NA
2673,1
2674,NA
2675,0
2676,0
2677,NA
2678,NA
2679,NA
2680,NA
2681,NA
2682,0
2683,0
2684,0
2685,NA
2686,NA
2687,NA
2688,0
2689,NA
2690,0
2691,NA
2692,NA
2693,0
2694,1
2695,NA
2696,NA
2697,NA
2698,0
2699,NA
2700,1
2701,0
2702,NA
2703,0
2704,1
2705,NA
2706,NA
2707,1
2708,1
2709,NA
2710,1
2711,1
2712,0
2713,1
2714,0
2715,NA
2716,0
2717,1
2718,1
2719,1
2720,NA
2721,NA
2722,1
2723,0
2724,0
2725,0
2726,1
2727,NA
2728,1
2729,1
2730,NA
2731,1
2732,0
2733,0
2734,0
2735,1
2736,0
2737,0
2738,1
2739,1
2740,NA
2741,0
2742,NA
2743,1
2744,1
2745,NA
2746,NA
2747,1
2748,1
2749,0
2750,0
2751,0
2752,0
2753,0
2754,NA
2755,1
2756,NA
2757,0
2758,1
2759,1
2760,0
2761,1
2762,1
2763,0
2764,NA
2765,0
2766,1
2767,NA
2768,1
2769,NA
2770,1
2771,NA
2772,0
2773,0
2774,0
2775,NA
2776,1
2777,0
2778,0
2779,NA
2780,1
2781,1
2782,1
2783,1
2784,1
2785,1
2786,NA
2787,0
2788,NA
2789,1
2790,NA
2791,1
2792,1
2793,NA
2794,0
2795,1
2796,NA
2797,NA
2798,1
2799,0
2800,NA
2801,0
2802,1
2803,NA
2804,1
2805,NA
2806,0
2807,NA
2808,NA
2809,NA
2810,1
2811,NA
2812,NA
2813,NA
2814,NA
2815,1
2816,NA
2817,1
2818,NA
2819,NA
2820,NA
2821,1
2822,1
2823,NA
2824,NA
2825,NA
2826,NA
2827,0
2828,NA
2829,NA
2830,1
2831,NA
2832,0
2833,NA
2834,NA
2835,NA
2836,0
2837,NA
2838,0
2839,1
2840,1
2841,NA
2842,NA
2843,NA
2844,0
2845,NA
2846,1
2847,NA
2848,1
2849,NA
2850,0
2851,NA
2852,0
2853,NA
2854,1
2855,1
2856,0
2857,NA
2858,NA
2859,1
2860,1
2861,NA
2862,NA
2863,1
2864,1
2865,NA
2866,0
2867,1
2868,NA
2869,1
2870,0
2871,0
2872,NA
2873,NA
2874,1
2875,1
2876,1
2877,1
2878,0
2879,0
2880,NA
2881,1
2882,0
2883,NA
2884,NA
2885,1
2886,1
2887,1
2888,1
2889,1
2890,1
2891,NA
2892,0
2893,0
2894,1
2895,0
2896,NA
2897,NA
2898,1
2899,1
2900,1
2901,NA
2902,0
2903,NA
2904,NA
2905,NA
2906,NA
2907,NA
2908,1
2909,NA
2910,NA
2911,NA
2912,0
2913,NA
2914,NA
2915,NA
2916,NA
2917,1
2918,NA
2919,1
2920,NA
2921,0
2922,0
2923,0
2924,NA
2925,NA
2926,NA
2927,1
2928,NA
2929,NA
2930,1
2931,0
2932,1
2933,NA
2934,NA
2935,NA
2936,1
2937,NA
2938,NA
2939,NA
2940,NA
2941,NA
2942,1
2943,0
2944,0
2945,NA
2946,NA
2947,0
2948,NA
2949,0
2950,1
2951,NA
2952,1
2953,NA
2954,0
2955,1
2956,0
2957,1
2958,NA
2959,NA
2960,0
2961,0
2962,NA
2963,NA
2964,NA
2965,0
2966,1
2967,1
2968,NA
2969,NA
2970,NA
2971,NA
2972,1
2973,NA
2974,1
2975,0
2976,1
2977,NA
2978,NA
2979,0
2980,NA
2981,NA
2982,1
2983,NA
2984,NA
2985,NA
2986,NA
2987,1
2988,0
2989,0
2990,NA
2991,NA
2992,NA
2993,NA
2994,0
2995,NA
2996,NA
2997,NA
2998,1
2999,1
3000,NA
3001,NA
3002,NA
3003,0
3004,0
3005,0
3006,1
3007,0
3008,NA
3009,1
3010,NA
3011,1
3012,1
3013,NA
3014,0
3015,NA
3016,NA
3017,NA
3018,1
3019,1
3020,NA
3021,0
3022,NA
3023,0
3024,1
3025,NA
3026,1
3027,NA
3028,1
3029,NA
3030,NA
3031,NA
3032,1
3033,NA
3034,NA
3035,1
3036,1
3037,NA
3038,NA
3039,1
3040,NA
3041,0
3042,NA
3043,1
3044,NA
3045,NA
3046,1
3047,0
3048,NA
3049,NA
3050,0
3051,NA
3052,1
3053,0
3054,1
3055,0
3056,NA
3057,NA
3058,NA
3059,NA
3060,NA
3061,NA
3062,NA
3063,NA
3064,NA
3065,NA
3066,0
3067,0
3068,NA
3069,NA
3070,NA
3071,NA
3072,NA
3073,0
3074,NA
3075,NA
3076,NA
3077,NA
3078,0
3079,NA
3080,0
3081,NA
3082,0
3083,0
3084,0
3085,NA
3086,NA
3087,NA
3088,0
3089,0
3090,0
3091,NA
3092,NA
3093,0
3094,NA
3095,NA
3096,NA
3097,NA
3098,1
3099,1
3100,1
3101,0
3102,0
3103,1
3104,0
3105,0
3106,NA
3107,NA
3108,NA
3109,NA
3110,1
3111,NA
3112,NA
3113,1
3114,NA
3115,NA
3116,0
3117,1
3118,1
3119,1
3120,NA
3121,1
3122,NA
3123,NA
3124,NA
3125,NA
3126,NA
3127,NA
3128,NA
3129,1
3130,NA
3131,NA
3132,1
3133,NA
3134,1
3135,NA
3136,0
3137,NA
3138,1
3139,NA
3140,0
3141,NA
3142,1
3143,NA
3144,NA
3145,NA
3146,NA
3147,NA
3148,NA
3149,NA
3150,1
3151,1
3152,NA
3153,0
3154,1
3155,NA
3156,NA
3157,1
3158,NA
3159,1
3160,NA
3161,NA
3162,0
3163,1
3164,NA
3165,1
3166,0
3167,NA
3168,NA
3169,1
3170,NA
3171,NA
3172,NA
3173,NA
3174,0
3175,1
3176,1
3177,1
3178,0
3179,NA
3180,NA
3181,NA
3182,1
3183,NA
3184,1
3185,0
3186,1
3187,NA
3188,0
3189,NA
3190,0
3191,0
3192,NA
3193,NA
3194,0
3195,NA
3196,0
3197,0
3198,NA
3199,NA
3200,1
3201,NA
3202,0
3203,0
3204,NA
3205,NA
3206,1
3207,NA
3208,0
3209,NA
3210,NA
3211,NA
3212,NA
3213,NA
3214,0
3215,NA
3216,1
3217,NA
3218,NA
3219,NA
3220,0
3221,NA
3222,NA
3223,1
3224,1
3225,0
3226,1
3227,0
3228,1
3229,NA
3230,NA
3231,NA
3232,NA
3233,NA
3234,NA
3235,1
3236,NA
3237,0
3238,1
3239,NA
3240,0
3241,0
3242,0
3243,0
3244,NA
3245,0
3246,NA
3247,NA
3248,NA
3249,NA
3250,NA
3251,0
3252,NA
3253,NA
3254,0
3255,0
3256,0
3257,0
3258,NA
3259,NA
3260,0
3261,NA
3262,1
3263,NA
3264,NA
3265,NA
3266,1
3267,1
3268,NA
3269,NA
3270,NA
3271,1
3272,1
3273,NA
3274,NA
3275,0
3276,1
3277,1
3278,NA
3279,1
3280,1
3281,NA
3282,NA
3283,1
3284,NA
3285,NA
3286,NA
3287,NA
3288,1
3289,1
3290,NA
3291,NA
3292,NA
3293,NA
3294,NA
3295,NA
3296,NA
3297,NA
3298,NA
3299,1
3300,NA
3301,1
3302,NA
3303,NA
3304,1
3305,NA
3306,NA
3307,NA
3308,1
3309,NA
3310,NA
3311,NA
3312,1
3313,NA
3314,NA
3315,NA
3316,0
3317,NA
3318,NA
3319,NA
3320,1
3321,NA
3322,NA
3323,NA
3324,NA
3325,NA
3326,1
3327,NA
3328,NA
3329,1
3330,NA
3331,NA
3332,NA
3333,0
3334,0
3335,0
3336,0
3337,NA
3338,0
3339,NA
3340,NA
3341,0
3342,NA
3343,0
3344,0
3345,0
3346,NA
3347,NA
3348,NA
3349,NA
3350,NA
3351,0
3352,0
3353,NA
3354,NA
3355,NA
3356,NA
3357,NA
3358,NA
3359,NA
3360,NA
3361,0
3362,0
3363,NA
3364,0
3365,0
3366,0
3367,0
3368,0
3369,NA
3370,NA
3371,1
3372,NA
3373,1
3374,NA
3375,NA
3376,1
3377,1
3378,NA
3379,1
3380,NA
3381,1
3382,NA
3383,1
3384,0
3385,0
3386,NA
3387,0
3388,0
3389,0
3390,NA
3391,0
3392,0
3393,0
3394,0
3395,NA
3396,0
3397,0
3398,0
3399,0
3400,NA
3401,NA
3402,0
3403,NA
3404,0
3405,0
3406,0
3407,NA
3408,NA
3409,NA
3410,NA
3411,NA
3412,NA
3413,NA
3414,NA
3415,0
3416,NA
3417,NA
3418,NA
3419,NA
3420,1
3421,NA
3422,NA
3423,NA
3424,NA
3425,NA
3426,NA
3427,1
3428,NA
3429,1
3430,1
3431,NA
3432,NA
3433,1
3434,NA
3435,NA
3436,NA
3437,NA
3438,NA
3439,1
3440,NA
3441,NA
3442,NA
3443,1
3444,NA
3445,1
3446,1
3447,NA
3448,NA
3449,1
3450,1
3451,NA
3452,NA
3453,1
3454,NA
3455,0
3456,NA
3457,NA
3458,1
3459,NA
3460,NA
3461,1
3462,1
3463,NA
3464,1
3465,NA
3466,NA
3467,NA
3468,NA
3469,1
3470,1
3471,1
3472,1
3473,NA
3474,NA
3475,NA
3476,1
3477,NA
3478,NA
3479,NA
3480,NA
3481,1
3482,NA
3483,NA
3484,NA
3485,1
3486,NA
3487,1
3488,1
3489,1
3490,NA
3491,NA
3492,1
3493,NA
3494,NA
3495,NA
3496,NA
3497,NA
3498,NA
3499,1
3500,NA
3501,NA
3502,NA
3503,1
3504,1
3505,1
3506,NA
3507,1
3508,1
3509,1
3510,1
3511,1
3512,1
3513,1
3514,NA
3515,NA
3516,1
3517,NA
3518,NA
3519,NA
3520,NA
3521,1
3522,NA
3523,1
3524,NA
3525,NA
3526,1
3527,1
3528,1
3529,1
3530,NA
3531,NA
3532,NA
3533,NA
3534,NA
3535,NA
3536,NA
3537,1
3538,1
3539,0
3540,1
3541,1
3542,NA
3543,1
3544,1
3545,1
3546,NA
3547,NA
3548,1
3549,1
3550,NA
3551,1
3552,1
3553,NA
3554,NA
3555,NA
3556,NA
3557,1
3558,NA
3559,NA
3560,1
3561,1
3562,1
3563,1
3564,1
3565,NA
3566,1
3567,NA
3568,1
3569,1
3570,1
3571,1
3572,NA
3573,NA
3574,NA
3575,1
3576,1
3577,NA
3578,1
3579,1
3580,NA
3581,NA
3582,1
3583,1
3584,NA
3585,NA
3586,1
3587,1
3588,NA
3589,NA
3590,NA
3591,NA
3592,NA
3593,1
3594,NA
3595,NA
3596,NA
3597,1
3598,NA
3599,1
3600,1
3601,NA
3602,NA
3603,1
3604,1
3605,NA
3606,NA
3607,NA
3608,NA
3609,NA
3610,1
3611,NA
3612,NA
3613,NA
3614,1
3615,NA
3616,NA
3617,1
3618,1
3619,1
3620,1
3621,1
3622,1
3623,1
3624,1
3625,NA
3626,NA
3627,NA
3628,1
3629,1
3630,NA
3631,NA
3632,NA
3633,NA
3634,NA
3635,NA
3636,NA
3637,NA
3638,NA
3639,NA
3640,1
3641,1
3642,NA
3643,NA
3644,NA
3645,NA
3646,NA
3647,NA
3648,NA
3649,1
3650,1
3651,NA
3652,NA
3653,NA
3654,1
3655,NA
3656,NA
3657,1
3658,NA
3659,NA
3660,1
3661,NA
3662,NA
3663,1
3664,1
3665,NA
3666,NA
3667,1
3668,NA
3669,NA
3670,1
3671,1
3672,NA
3673,NA
3674,1
3675,NA
3676,NA
3677,NA
3678,NA
3679,NA
3680,NA
3681,NA
3682,NA
3683,1
3684,NA
3685,NA
3686,NA
3687,NA
3688,NA
3689,NA
3690,NA
3691,1
3692,1
3693,NA
3694,1
3695,NA
3696,1
3697,1
3698,1
3699,NA
3700,1
3701,1
3702,NA
3703,1
3704,NA
3705,1
3706,NA
3707,NA
3708,1
3709,1
3710,NA
3711,1
3712,1
3713,NA
3714,1
3715,1
3716,1
3717,NA
3718,1
3719,1
3720,NA
3721,NA
3722,NA
3723,NA
3724,1
3725,NA
3726,NA
3727,NA
3728,NA
3729,1
3730,1
3731,1
3732,1
3733,1
3734,1
3735,1
3736,1
3737,1
3738,1
3739,NA
3740,NA
3741,1
3742,1
3743,NA
3744,NA
3745,1
3746,NA
3747,NA
3748,1
3749,1
3750,1
3751,1
3752,NA
3753,NA
3754,NA
3755,1
3756,NA
3757,NA
3758,NA
3759,1
3760,NA
3761,1
3762,1
3763,1
3764,1
3765,NA
3766,NA
3767,NA
3768,NA
3769,NA
3770,NA
3771,NA
3772,NA
3773,NA
3774,1
3775,NA
3776,1
3777,1
3778,1
3779,NA
3780,NA
3781,1
3782,NA
3783,NA
3784,NA
3785,1
3786,1
3787,1
3788,1
3789,1
3790,NA
3791,1
3792,1
3793,1
3794,NA
3795,NA
3796,NA
3797,1
3798,1
3799,NA
3800,NA
3801,1
3802,1
3803,1
3804,NA
3805,NA
3806,1
3807,1
3808,1
3809,NA
3810,1
3811,1
3812,1
3813,NA
3814,NA
3815,NA
3816,NA
3817,NA
3818,1
3819,1
3820,1
3821,1
3822,1
3823,NA
3824,NA
3825,NA
3826,1
3827,NA
3828,NA
3829,NA
3830,1
3831,NA
3832,NA
3833,1
3834,1
3835,NA
3836,NA
3837,NA
3838,NA
3839,NA
3840,NA
3841,1
3842,1
3843,NA
3844,NA
3845,1
3846,1
3847,NA
3848,NA
3849,NA
3850,NA
3851,NA
3852,NA
3853,1
3854,1
3855,NA
3856,0
3857,1
3858,NA
3859,0
3860,1
3861,NA
3862,NA
3863,NA
3864,1
3865,1
3866,1
3867,NA
3868,NA
3869,1
3870,NA
3871,NA
3872,NA
3873,1
3874,1
3875,NA
3876,1
3877,NA
3878,1
3879,NA
3880,1
3881,1
3882,NA
3883,NA
3884,NA
3885,1
3886,NA
3887,1
3888,NA
3889,NA
3890,1
3891,1
3892,NA
3893,1
3894,1
3895,1
3896,NA
3897,NA
3898,NA
3899,1
3900,1
3901,NA
3902,1
3903,0
3904,NA
3905,NA
3906,1
3907,NA
3908,NA
3909,NA
3910,NA
3911,1
3912,NA
3913,1
3914,NA
3915,NA
3916,NA
3917,1
3918,NA
3919,1
3920,1
3921,0
3922,1
3923,1
3924,1
3925,NA
3926,NA
3927,1
3928,1
3929,1
3930,1
3931,NA
3932,1
3933,1
3934,1
3935,NA
3936,1
3937,1
3938,NA
3939,NA
3940,NA
3941,NA
3942,1
3943,1
3944,1
3945,0
3946,1
3947,1
3948,1
3949,NA
3950,NA
3951,1
3952,NA
3953,NA
3954,NA
3955,1
3956,NA
3957,NA
3958,NA
3959,NA
3960,1
3961,NA
3962,1
3963,NA
3964,NA
3965,1
3966,1
3967,1
3968,NA
3969,1
3970,1
3971,1
3972,NA
3973,1
3974,1
3975,NA
3976,NA
3977,NA
3978,NA
3979,1
3980,NA
3981,NA
3982,1
3983,1
3984,1
3985,NA
3986,NA
3987,1
3988,NA
3989,NA
3990,NA
3991,1
3992,NA
3993,NA
3994,NA
3995,NA
3996,1
3997,NA
3998,NA
3999,1
4000,1
4001,1
4002,NA
4003,NA
4004,NA
4005,1
4006,NA
4007,1
4008,1
4009,1
4010,NA
4011,NA
4012,NA
4013,1
4014,1
4015,1
4016,1
4017,NA
4018,NA
4019,1
4020,NA
4021,1
4022,1
4023,1
4024,1
4025,NA
4026,NA
4027,1
4028,1
4029,1
4030,1
4031,1
4032,1
4033,1
4034,1
4035,NA
4036,NA
4037,NA
4038,1
4039,NA
4040,NA
4041,NA
4042,1
4043,1
4044,1
4045,1
4046,1
4047,1
4048,1
4049,NA
4050,1
4051,NA
4052,NA
4053,NA
4054,NA
4055,1
4056,1
4057,1
4058,NA
4059,0
4060,NA
4061,NA
4062,0
4063,1
4064,1
4065,1
4066,1
4067,NA
4068,1
4069,1
4070,NA
4071,NA
4072,NA
4073,0
4074,NA
4075,NA
4076,1
4077,1
4078,1
4079,NA
4080,NA
4081,NA
4082,NA
4083,NA
4084,NA
4085,NA
4086,0
4087,NA
4088,NA
4089,1
4090,NA
4091,NA
4092,1
4093,1
4094,1
4095,NA
4096,1
4097,NA
4098,1
4099,NA
4100,1
4101,NA
4102,1
4103,NA
4104,NA
4105,NA
4106,NA
4107,1
4108,1
4109,1
4110,1
4111,1
4112,1
4113,NA
4114,NA
4115,NA
4116,NA
4117,NA
4118,1
4119,NA
4120,1
4121,1
4122,1
4123,0
4124,0
4125,1
4126,1
4127,1
4128,1
4129,1
4130,NA
4131,1
4132,NA
4133,NA
4134,1
4135,NA
4136,0
4137,NA
4138,1
4139,NA
4140,1
4141,NA
4142,1
4143,1
4144,1
4145,NA
4146,NA
4147,NA
4148,0
4149,NA
4150,NA
4151,0
4152,0
4153,NA
4154,NA
4155,NA
4156,NA
4157,NA
4158,NA
4159,NA
4160,NA
4161,0
4162,NA
4163,NA
4164,NA
4165,NA
4166,NA
4167,0
4168,NA
4169,0
4170,NA
4171,NA
4172,0
4173,0
4174,NA
4175,NA
4176,NA
4177,0
4178,NA
4179,0
4180,0
4181,NA
4182,NA
4183,NA
4184,NA
4185,NA
4186,NA
4187,NA
4188,NA
4189,NA
4190,NA
4191,0
4192,0
4193,NA
4194,NA
4195,NA
4196,NA
4197,NA
4198,NA
4199,NA
4200,NA
4201,NA
4202,NA
4203,NA
4204,NA
4205,NA
4206,NA
4207,0
4208,NA
4209,NA
4210,0
4211,NA
4212,0
4213,NA
4214,NA
4215,NA
4216,NA
4217,NA
4218,NA
4219,NA
4220,NA
4221,NA
4222,NA
4223,NA
4224,NA
4225,0
4226,0
4227,NA
4228,NA
4229,NA
4230,0
4231,0
4232,0
4233,0
4234,NA
4235,NA
4236,0
4237,NA
4238,NA
4239,NA
4240,NA
4241,0
4242,NA
4243,NA
4244,NA
4245,0
4246,0
4247,NA
4248,NA
4249,0
4250,NA
4251,NA
4252,0
4253,NA
4254,NA
4255,NA
4256,NA
4257,0
4258,NA
4259,NA
4260,NA
4261,NA
4262,NA
4263,NA
4264,0
4265,NA
4266,0
4267,0
4268,NA
4269,0
4270,0
4271,NA
4272,NA
4273,0
4274,NA
4275,NA
4276,0
4277,NA
4278,NA
4279,NA
4280,0
4281,NA
4282,NA
4283,NA
4284,NA
4285,NA
4286,NA
4287,NA
4288,0
4289,NA
4290,NA
4291,0
4292,0
4293,NA
4294,NA
4295,NA
4296,NA
4297,NA
4298,0
4299,NA
4300,0
4301,NA
4302,NA
4303,NA
4304,NA
4305,NA
4306,0
4307,0
4308,NA
4309,NA
4310,NA
4311,0
4312,NA
4313,NA
4314,0
4315,0
4316,0
4317,0
4318,NA
4319,0
4320,NA
4321,NA
4322,NA
4323,NA
4324,NA
4325,0
4326,0
4327,NA
4328,NA
4329,NA
4330,NA
4331,NA
4332,NA
4333,0
4334,NA
4335,NA
4336,NA
4337,0
4338,0
4339,NA
4340,NA
4341,NA
4342,0
4343,NA
4344,NA
4345,NA
4346,NA
4347,0
4348,0
4349,0
4350,0
4351,0
4352,NA
4353,0
4354,0
4355,0
4356,0
4357,0
4358,NA
4359,NA
4360,NA
4361,NA
4362,NA
4363,0
4364,0
4365,0
4366,0
4367,NA
4368,NA
4369,0
4370,NA
4371,0
4372,0
4373,NA
4374,0
4375,0
4376,NA
4377,0
4378,NA
4379,0
4380,0
4381,NA
4382,NA
4383,NA
4384,NA
4385,0
4386,NA
4387,NA
4388,NA
4389,0
4390,0
4391,0
4392,0
4393,0
4394,0
4395,0
4396,NA
4397,NA
4398,NA
4399,NA
4400,0
4401,NA
4402,NA
4403,0
4404,0
4405,NA
4406,NA
4407,0
4408,0
4409,0
4410,NA
4411,0
4412,0
4413,0
4414,0
4415,0
4416,0
4417,0
4418,0
4419,NA
4420,NA
4421,NA
4422,0
4423,0
4424,NA
4425,NA
4426,0
4427,0
4428,0
4429,0
4430,0
4431,0
4432,0
4433,0
4434,NA
4435,NA
4436,NA
4437,NA
4438,0
4439,0
4440,NA
4441,0
4442,0
4443,0
4444,0
4445,0
4446,0
4447,0
4448,0
4449,NA
4450,NA
4451,0
4452,NA
4453,NA
4454,0
4455,0
4456,0
4457,NA
4458,NA
4459,0
4460,0
4461,0
4462,NA
4463,0
4464,0
4465,NA
4466,NA
4467,NA
4468,0
4469,0
4470,0
4471,NA
4472,0
4473,0
4474,0
4475,0
4476,0
4477,0
4478,0
4479,0
4480,NA
4481,0
4482,0
4483,0
4484,0
4485,NA
4486,0
4487,0
4488,0
4489,0
4490,0
4491,0
4492,0
4493,0
4494,0
4495,0
4496,NA
4497,0
4498,0
4499,0
4500,NA
4501,0
4502,0
4503,0
4504,0
4505,0
4506,0
4507,0
4508,0
4509,0
4510,0
4511,0
4512,0
4513,0
4514,0
4515,0
4516,0
4517,0
4518,0
4519,0
4520,NA
4521,NA
4522,NA
4523,NA
4524,0
4525,0
4526,NA
4527,0
4528,NA
4529,NA
4530,NA
4531,0
4532,0
4533,0
4534,0
4535,NA
4536,NA
4537,NA
4538,NA
4539,NA
4540,NA
4541,NA
4542,NA
4543,NA
4544,NA
4545,NA
4546,0
4547,NA
4548,NA
4549,NA
4550,0
4551,0
4552,0
4553,NA
4554,NA
4555,NA
4556,NA
4557,NA
4558,NA
4559,0
4560,0
4561,0
4562,0
4563,0
4564,0
4565,NA
4566,0
4567,NA
4568,0
4569,0
4570,0
4571,0
4572,0
4573,0
4574,0
4575,0
4576,NA
4577,NA
4578,NA
4579,NA
4580,0
4581,NA
4582,NA
4583,0
4584,0
4585,NA
4586,NA
4587,0
4588,NA
4589,0
4590,NA
4591,0
4592,0
4593,NA
4594,0
4595,NA
4596,NA
4597,0
4598,0
4599,NA
4600,NA
4601,0
4602,0
4603,NA
4604,0
4605,NA
4606,NA
4607,NA
4608,NA
4609,NA
4610,0
4611,NA
4612,NA
4613,NA
4614,NA
4615,0
4616,0
4617,NA
4618,NA
4619,0
4620,0
4621,0
4622,NA
4623,0
4624,NA
4625,0
4626,NA
4627,NA
4628,0
4629,0
4630,NA
4631,0
4632,0
4633,NA
4634,NA
4635,0
4636,0
4637,0
4638,NA
4639,0
4640,0
4641,NA
4642,0
4643,NA
4644,NA
4645,0
4646,NA
4647,NA
4648,0
4649,NA
4650,NA
4651,NA
4652,0
4653,NA
4654,NA
4655,NA
4656,NA
4657,NA
4658,0
4659,NA
4660,NA
4661,NA
4662,NA
4663,NA
4664,NA
4665,NA
4666,NA
4667,NA
4668,0
4669,NA
4670,0
4671,NA
4672,NA
4673,0
4674,0
4675,NA
4676,0
4677,0
4678,0
4679,0
4680,0
4681,0
4682,NA
4683,NA
4684,NA
4685,NA
4686,NA
4687,NA
4688,NA
4689,NA
4690,0
4691,0
4692,NA
4693,NA
4694,NA
4695,0
4696,0
4697,0
4698,0
4699,NA
4700,0
4701,0
4702,0
4703,NA
4704,NA
4705,NA
4706,NA
4707,0
4708,0
4709,0
4710,NA
4711,0
4712,NA
4713,0
4714,0
4715,NA
4716,NA
4717,NA
4718,0
4719,0
4720,0
4721,NA
4722,0
4723,0
4724,NA
4725,0
4726,0
4727,0
4728,0
4729,NA
4730,NA
4731,NA
4732,NA
4733,0
4734,0
4735,0
4736,0
4737,NA
4738,0
4739,0
4740,0
4741,0
4742,0
4743,NA
4744,NA
4745,0
4746,NA
4747,NA
4748,0
4749,0
4750,NA
4751,NA
4752,NA
4753,NA
4754,0
4755,0
4756,0
4757,0
4758,0
4759,NA
4760,0
4761,0
4762,0
4763,NA
4764,0
4765,0
4766,0
4767,NA
4768,NA
4769,NA
4770,NA
4771,NA
4772,0
4773,0
4774,0
4775,0
4776,NA
4777,0
4778,0
4779,0
4780,NA
4781,NA
4782,NA
4783,0
4784,0
4785,0
4786,0
4787,0
4788,0
4789,NA
4790,NA
4791,0
4792,0
4793,0
4794,0
4795,NA
4796,0
4797,0
4798,0
4799,0
4800,0
4801,NA
4802,NA
4803,0
4804,NA
4805,NA
4806,NA
4807,NA
4808,0
4809,0
4810,NA
4811,NA
4812,NA
4813,NA
4814,NA
4815,0
4816,NA
4817,NA
4818,0
4819,0
4820,0
4821,NA
4822,NA
4823,NA
4824,NA
4825,0
4826,0
4827,0
4828,0
4829,0
4830,NA
4831,NA
4832,NA
4833,NA
4834,NA
4835,0
4836,NA
4837,0
4838,0
4839,0
4840,0
4841,NA
4842,0
4843,0
4844,NA
4845,NA
4846,NA
4847,NA
4848,NA
4849,0
4850,0
4851,0
4852,0
4853,0
4854,NA
4855,NA
4856,NA
4857,0
4858,NA
4859,NA
4860,NA
4861,NA
4862,0
4863,0
4864,NA
4865,0
4866,0
4867,0
4868,0
4869,0
4870,0
4871,NA
4872,NA
4873,0
4874,NA
4875,NA
4876,0
4877,NA
4878,NA
4879,NA
4880,1
4881,0
4882,0
4883,0
4884,0
4885,0
4886,0
4887,NA
4888,NA
4889,0
4890,0
4891,0
4892,NA
4893,0
4894,0
4895,0
4896,NA
4897,NA
4898,NA
4899,1
4900,1
4901,1
4902,1
4903,NA
4904,NA
4905,1
4906,1
4907,NA
4908,NA
4909,1
4910,NA
4911,1
4912,1
4913,1
4914,1
4915,NA
4916,NA
4917,NA
4918,NA
4919,NA
4920,1
4921,NA
4922,NA
4923,NA
4924,NA
4925,NA
4926,NA
4927,NA
4928,NA
4929,1
4930,1
4931,1
4932,1
4933,NA
4934,NA
4935,NA
4936,NA
4937,NA
4938,NA
4939,NA
4940,NA
4941,NA
4942,NA
4943,NA
4944,NA
4945,NA
4946,1
4947,NA
4948,NA
4949,1
4950,1
4951,1
4952,1
4953,NA
4954,0
4955,0
4956,1
4957,1
4958,NA
4959,1
4960,NA
4961,NA
4962,1
4963,1
4964,NA
4965,NA
4966,NA
4967,NA
4968,NA
4969,NA
4970,1
4971,1
4972,1
4973,NA
4974,1
4975,NA
4976,NA
4977,NA
4978,1
4979,NA
4980,1
4981,NA
4982,NA
4983,NA
4984,NA
4985,NA
4986,NA
4987,NA
4988,NA
4989,NA
4990,1
4991,NA
4992,NA
4993,NA
4994,NA
4995,NA
4996,NA
4997,NA
4998,NA
4999,NA
5000,NA
5001,NA
5002,NA
5003,1
5004,NA
5005,NA
5006,NA
5007,1
5008,1
5009,NA
5010,NA
5011,NA
5012,1
5013,NA
5014,NA
5015,1
5016,NA
5017,1
5018,NA
5019,1
5020,NA
5021,NA
5022,NA
5023,1
5024,1
5025,NA
5026,NA
5027,NA
5028,NA
5029,1
5030,NA
5031,NA
5032,1
5033,1
5034,NA
5035,1
5036,NA
5037,NA
5038,1
5039,1
5040,NA
5041,NA
5042,NA
5043,1
5044,1
5045,NA
5046,1
5047,NA
5048,1
5049,NA
5050,NA
5051,NA
5052,NA
5053,NA
5054,NA
5055,NA
5056,NA
5057,NA
5058,1
5059,1
5060,NA
5061,NA
5062,NA
5063,NA
5064,NA
5065,NA
5066,NA
5067,1
5068,NA
5069,1
5070,1
5071,NA
5072,1
5073,1
5074,NA
5075,NA
5076,NA
5077,1
5078,NA
5079,1
5080,NA
5081,NA
5082,1
5083,1
5084,1
5085,1
5086,1
5087,1
5088,1
5089,1
5090,NA
5091,NA
5092,NA
5093,NA
5094,1
5095,NA
5096,NA
5097,1
5098,NA
5099,NA
5100,1
5101,NA
5102,1
5103,NA
5104,NA
5105,NA
5106,1
5107,NA
5108,NA
5109,0
5110,NA
5111,1
5112,1
5113,NA
5114,1
5115,NA
5116,NA
5117,NA
5118,NA
5119,NA
5120,NA
5121,NA
5122,1
5123,1
5124,NA
5125,NA
5126,NA
5127,NA
5128,NA
5129,NA
5130,1
5131,NA
5132,NA
5133,NA
5134,NA
5135,NA
5136,NA
5137,NA
5138,1
5139,NA
5140,NA
5141,NA
5142,1
5143,NA
5144,1
5145,NA
5146,1
5147,1
5148,NA
5149,NA
5150,1
5151,NA
5152,NA
5153,NA
5154,NA
5155,1
5156,NA
5157,1
5158,1
5159,NA
5160,1
5161,NA
5162,1
5163,1
5164,NA
5165,1
5166,1
5167,1
5168,1
5169,NA
5170,1
5171,NA
5172,NA
5173,1
5174,1
5175,1
5176,1
5177,NA
5178,1
5179,1
5180,NA
5181,1
5182,1
5183,NA
5184,NA
5185,1
5186,NA
5187,NA
5188,NA
5189,NA
5190,1
5191,1
5192,NA
5193,1
5194,1
5195,NA
5196,NA
5197,NA
5198,NA
5199,NA
5200,1
5201,1
5202,NA
5203,1
5204,NA
5205,NA
5206,1
5207,1
5208,NA
5209,NA
5210,1
5211,NA
5212,NA
5213,NA
5214,NA
5215,NA
5216,NA
5217,NA
5218,NA
5219,NA
5220,NA
5221,NA
5222,NA
5223,NA
5224,NA
5225,NA
5226,1
5227,1
5228,1
5229,NA
5230,1
5231,NA
5232,NA
5233,NA
5234,1
5235,NA
5236,1
5237,1
5238,NA
5239,1
5240,NA
5241,NA
5242,NA
5243,1
5244,NA
5245,NA
5246,NA
5247,NA
5248,NA
5249,NA
5250,NA
5251,NA
5252,NA
5253,NA
5254,NA
5255,NA
5256,NA
5257,NA
5258,NA
5259,1
5260,1
5261,1
5262,1
5263,NA
5264,1
5265,NA
5266,1
5267,NA
5268,1
5269,NA
5270,1
5271,NA
5272,NA
5273,NA
5274,NA
5275,NA
5276,1
5277,1
5278,1
5279,NA
5280,1
5281,NA
5282,1
5283,NA
5284,NA
5285,NA
5286,NA
5287,NA
5288,NA
5289,NA
5290,NA
5291,NA
5292,NA
5293,1
5294,NA
5295,NA
5296,NA
5297,1
5298,NA
5299,1
5300,NA
5301,1
5302,NA
5303,NA
5304,1
5305,1
5306,1
5307,NA
5308,NA
5309,NA
5310,NA
5311,1
5312,1
5313,1
5314,1
5315,1
5316,NA
5317,NA
5318,NA
5319,NA
5320,NA
5321,1
5322,NA
5323,NA
5324,1
5325,NA
5326,NA
5327,1
5328,NA
5329,1
5330,NA
5331,NA
5332,1
5333,1
5334,NA
5335,1
5336,1
5337,NA
5338,1
5339,NA
5340,1
5341,NA
5342,1
5343,NA
5344,1
5345,1
5346,1
5347,NA
5348,NA
5349,NA
5350,NA
5351,NA
5352,NA
5353,NA
5354,1
5355,1
5356,1
5357,1
5358,NA
5359,1
5360,1
5361,1
5362,1
5363,NA
5364,1
5365,NA
5366,1
5367,NA
5368,NA
5369,1
5370,1
5371,NA
5372,NA
5373,NA
5374,NA
5375,NA
5376,1
5377,NA
5378,NA
5379,NA
5380,1
5381,NA
5382,1
5383,NA
5384,NA
5385,NA
5386,NA
5387,NA
5388,NA
5389,NA
5390,NA
5391,NA
5392,NA
5393,NA
5394,1
5395,1
5396,1
5397,1
5398,1
5399,1
5400,1
5401,NA
5402,1
5403,NA
5404,NA
5405,NA
5406,NA
5407,NA
5408,NA
5409,1
5410,NA
5411,NA
5412,NA
5413,NA
5414,1
5415,1
5416,NA
5417,NA
5418,NA
5419,1
5420,NA
5421,NA
5422,NA
5423,NA
5424,NA
5425,NA
5426,NA
5427,NA
5428,1
5429,1
5430,NA
5431,NA
5432,NA
5433,NA
5434,1
5435,NA
5436,1
5437,1
5438,1
5439,NA
5440,NA
5441,NA
5442,NA
5443,1
5444,NA
5445,NA
5446,NA
5447,NA
5448,1
5449,NA
5450,NA
5451,NA
5452,NA
5453,NA
5454,NA
5455,NA
5456,1
5457,1
5458,1
5459,NA
5460,NA
5461,NA
5462,NA
5463,NA
5464,NA
5465,1
5466,1
5467,1
5468,NA
5469,1
5470,1
5471,1
5472,NA
5473,1
5474,NA
5475,NA
5476,1
5477,NA
5478,NA
5479,NA
5480,NA
5481,NA
5482,NA
5483,1
5484,1
5485,1
5486,1
5487,NA
5488,1
5489,1
5490,1
5491,NA
5492,NA
5493,NA
5494,NA
5495,1
5496,1
5497,1
5498,NA
5499,NA
5500,NA
5501,1
5502,1
5503,NA
5504,1
5505,NA
5506,NA
5507,1
5508,NA
5509,1
5510,NA
5511,NA
5512,NA
5513,1
5514,NA
5515,NA
5516,NA
5517,NA
5518,NA
5519,NA
5520,NA
5521,1
5522,1
5523,NA
5524,NA
5525,NA
5526,NA
5527,NA
5528,NA
5529,NA
5530,NA
5531,NA
5532,NA
5533,NA
5534,NA
5535,NA
5536,NA
5537,NA
5538,NA
5539,NA
5540,NA
5541,NA
5542,NA
5543,NA
5544,0
5545,0
5546,0
5547,0
5548,0
5549,NA
5550,0
5551,NA
5552,0
5553,NA
5554,NA
5555,0
5556,NA
5557,NA
5558,NA
5559,NA
5560,NA
5561,NA
5562,NA
5563,NA
5564,0
5565,NA
5566,NA
5567,NA
5568,NA
5569,NA
5570,NA
5571,NA
5572,NA
5573,NA
5574,NA
5575,NA
5576,NA
5577,NA
5578,NA
5579,0
5580,0
5581,0
5582,0
5583,0
5584,NA
5585,0
5586,0
5587,0
5588,0
5589,NA
5590,NA
5591,NA
5592,NA
5593,0
5594,0
5595,NA
5596,NA
5597,NA
5598,NA
5599,0
5600,0
5601,0
5602,0
5603,0
5604,0
5605,NA
5606,0
5607,0
5608,0
5609,0
5610,NA
5611,0
5612,NA
5613,NA
5614,NA
5615,0
5616,NA
5617,NA
5618,NA
5619,NA
5620,NA
5621,0
5622,0
5623,0
5624,NA
5625,NA
5626,0
5627,0
5628,0
5629,0
5630,NA
5631,NA
5632,NA
5633,0
5634,NA
5635,NA
5636,NA
5637,NA
5638,NA
5639,NA
5640,0
5641,0
5642,0
5643,0
5644,0
5645,0
5646,0
5647,0
5648,NA
5649,0
5650,NA
5651,NA
5652,NA
5653,NA
5654,NA
5655,0
5656,NA
5657,NA
5658,NA
5659,NA
5660,NA
5661,NA
5662,NA
5663,NA
5664,NA
5665,NA
5666,NA
5667,NA
5668,NA
5669,NA
5670,NA
5671,NA
5672,NA
5673,NA
5674,NA
5675,NA
5676,NA
5677,NA
5678,NA
5679,NA
5680,0
5681,0
5682,NA
5683,0
5684,0
5685,0
5686,NA
5687,NA
5688,0
5689,0
5690,0
5691,0
5692,NA
5693,0
5694,0
5695,NA
5696,NA
5697,NA
5698,0
5699,0
5700,NA
5701,NA
5702,0
5703,NA
5704,NA
5705,0
5706,0
5707,0
5708,0
5709,0
5710,0
5711,0
5712,0
5713,NA
5714,0
5715,0
5716,NA
5717,0
5718,0
5719,0
5720,NA
5721,NA
5722,NA
5723,0
5724,0
5725,0
5726,0
5727,0
5728,0
5729,0
5730,NA
5731,NA
5732,NA
5733,NA
5734,NA
5735,NA
5736,NA
5737,NA
5738,NA
5739,NA
5740,NA
5741,NA
5742,NA
5743,NA
5744,NA
5745,NA
5746,NA
5747,0
5748,0
5749,0
5750,NA
5751,NA
5752,NA
5753,NA
5754,0
5755,0
5756,0
5757,0
5758,NA
5759,0
5760,NA
5761,0
5762,NA
5763,NA
5764,0
5765,0
5766,NA
5767,NA
5768,NA
5769,NA
5770,NA
5771,NA
5772,0
5773,NA
5774,NA
5775,NA
5776,NA
5777,NA
5778,NA
5779,0
5780,NA
5781,0
5782,0
5783,0
5784,0
5785,NA
5786,NA
5787,NA
5788,0
5789,0
5790,0
5791,NA
5792,0
5793,0
5794,NA
5795,NA
5796,NA
5797,NA
5798,0
5799,1
5800,0
5801,0
5802,0
5803,0
5804,0
5805,NA
5806,NA
5807,NA
5808,NA
5809,NA
5810,NA
5811,NA
5812,NA
5813,0
5814,0
5815,0
5816,NA
5817,0
5818,0
5819,0
5820,0
5821,0
5822,NA
5823,0
5824,NA
5825,NA
5826,NA
5827,NA
5828,NA
5829,NA
5830,NA
5831,0
5832,0
5833,0
5834,0
5835,0
5836,0
5837,NA
5838,0
5839,0
5840,0
5841,0
5842,0
5843,0
5844,0
5845,NA
5846,0
5847,0
5848,NA
5849,0
5850,0
5851,0
5852,0
5853,NA
5854,NA
5855,NA
5856,NA
5857,NA
5858,0
5859,NA
5860,0
5861,NA
5862,0
5863,NA
5864,NA
5865,NA
5866,NA
5867,NA
5868,NA
5869,NA
5870,NA
5871,NA
5872,NA
5873,NA
5874,NA
5875,NA
5876,NA
5877,1
5878,NA
5879,1
5880,NA
5881,NA
5882,1
5883,NA
5884,1
5885,NA
5886,1
5887,NA
5888,NA
5889,NA
5890,NA
5891,NA
5892,NA
5893,NA
5894,NA
5895,NA
5896,NA
5897,NA
5898,NA
5899,NA
5900,NA
5901,NA
5902,NA
5903,NA
5904,NA
5905,1
5906,NA
5907,NA
5908,NA
5909,NA
5910,NA
5911,1
5912,1
5913,NA
5914,NA
5915,1
5916,1
5917,1
5918,1
5919,NA
5920,1
5921,1
5922,1
5923,NA
5924,NA
5925,NA
5926,1
5927,1
5928,NA
5929,1
5930,1
5931,NA
5932,1
5933,1
5934,NA
5935,NA
5936,1
5937,NA
5938,NA
5939,1
5940,1
5941,NA
5942,1
5943,NA
5944,NA
5945,NA
5946,NA
5947,NA
5948,NA
5949,NA
5950,NA
5951,NA
5952,NA
5953,NA
5954,NA
5955,NA
5956,NA
5957,NA
5958,1
5959,1
5960,NA
5961,NA
5962,NA
5963,NA
5964,NA
5965,NA
5966,NA
5967,NA
5968,1
5969,NA
5970,NA
5971,NA
5972,NA
5973,NA
5974,NA
5975,NA
5976,NA
5977,1
5978,NA
5979,NA
5980,NA
5981,NA
5982,NA
5983,NA
5984,NA
5985,NA
5986,NA
5987,NA
5988,NA
5989,NA
5990,NA
5991,1
5992,NA
5993,NA
5994,1
5995,1
5996,1
5997,1
5998,NA
5999,1
6000,NA
6001,1
6002,1
6003,NA
6004,1
6005,1
6006,1
6007,1
6008,1
6009,NA
6010,1
6011,1
6012,NA
6013,1
6014,1
6015,NA
6016,1
6017,1
6018,1
6019,1
6020,NA
6021,NA
6022,NA
6023,NA
6024,NA
6025,NA
6026,NA
6027,NA
6028,NA
6029,1
6030,NA
6031,NA
6032,NA
6033,NA
6034,1
6035,NA
6036,NA
6037,1
6038,1
6039,NA
6040,1
6041,NA
6042,1
6043,NA
6044,1
6045,1
6046,1
6047,1
6048,1
6049,1
6050,1
6051,1
6052,1
6053,1
6054,1
6055,NA
6056,1
6057,1
6058,1
6059,1
6060,NA
6061,1
6062,NA
6063,1
6064,NA
6065,NA
6066,NA
6067,NA
6068,NA
6069,NA
6070,NA
6071,NA
6072,NA
6073,NA
6074,NA
6075,NA
6076,NA
6077,1
6078,NA
6079,1
6080,NA
6081,NA
6082,1
6083,NA
6084,1
6085,NA
6086,1
6087,NA
6088,1
6089,1
6090,NA
6091,1
6092,1
6093,NA
6094,NA
6095,1
6096,NA
6097,1
6098,1
6099,1
6100,1
6101,1
6102,NA
6103,NA
6104,1
6105,1
6106,NA
6107,1
6108,NA
6109,1
6110,1
6111,NA
6112,NA
6113,NA
6114,NA
6115,NA
6116,NA
6117,NA
6118,NA
6119,1
6120,NA
6121,NA
6122,1
6123,NA
6124,NA
6125,1
6126,1
6127,NA
6128,NA
6129,1
6130,1
6131,1
6132,NA
6133,1
6134,NA
6135,1
6136,NA
6137,1
6138,1
6139,NA
6140,1
6141,1
6142,NA
6143,NA
6144,1
6145,1
6146,1
6147,1
6148,NA
6149,1
6150,NA
6151,NA
6152,NA
6153,NA
6154,NA
6155,NA
6156,NA
6157,NA
6158,NA
6159,NA
6160,NA
6161,NA
6162,NA
6163,NA
6164,NA
6165,NA
6166,NA
6167,NA
6168,NA
6169,NA
6170,NA
6171,NA
6172,1
6173,1
6174,NA
6175,NA
6176,NA
6177,NA
6178,NA
6179,NA
6180,NA
6181,NA
6182,1
6183,1
6184,NA
6185,NA
6186,NA
6187,NA
6188,NA
6189,1
6190,NA
6191,NA
6192,NA
6193,NA
6194,NA
6195,NA
6196,NA
6197,NA
6198,NA
6199,NA
6200,NA
6201,1
6202,NA
6203,NA
6204,NA
6205,1
6206,NA
6207,1
6208,NA
6209,NA
6210,NA
6211,NA
6212,1
6213,NA
6214,1
6215,NA
6216,NA
6217,NA
6218,1
6219,NA
6220,1
6221,1
6222,NA
6223,1
6224,1
6225,NA
6226,1
6227,1
6228,1
6229,1
6230,NA
6231,1
6232,1
6233,1
6234,1
6235,1
6236,1
6237,NA
6238,1
6239,NA
6240,1
6241,NA
6242,1
6243,NA
6244,NA
6245,NA
6246,NA
6247,NA
6248,NA
6249,1
6250,NA
6251,1
6252,1
6253,1
6254,NA
6255,1
6256,1
6257,1
6258,NA
6259,NA
6260,NA
6261,NA
6262,NA
6263,NA
6264,1
6265,1
6266,NA
6267,NA
6268,NA
6269,1
6270,1
6271,1
6272,1
6273,NA
6274,1
6275,1
6276,1
6277,NA
6278,1
6279,NA
6280,1
6281,1
6282,1
6283,1
6284,1
6285,1
6286,1
6287,1
6288,NA
6289,NA
6290,NA
6291,NA
6292,NA
6293,NA
6294,NA
6295,NA
6296,NA
6297,1
6298,NA
6299,NA
6300,NA
6301,NA
6302,NA
6303,NA
6304,NA
6305,NA
6306,NA
6307,NA
6308,NA
6309,NA
6310,NA
6311,NA
6312,NA
6313,NA
6314,NA
6315,NA
6316,NA
6317,NA
6318,NA
6319,NA
6320,NA
6321,NA
6322,NA
6323,NA
6324,NA
6325,NA
6326,NA
6327,1
6328,NA
6329,NA
6330,NA
6331,NA
6332,NA
6333,NA
6334,NA
6335,NA
6336,NA
6337,NA
6338,NA
6339,NA
6340,NA
6341,1
6342,1
6343,1
6344,1
6345,1
6346,1
6347,NA
6348,1
6349,NA
6350,NA
6351,1
6352,NA
6353,NA
6354,1
6355,1
6356,NA
6357,1
6358,NA
6359,1
6360,NA
6361,NA
6362,1
6363,1
6364,NA
6365,NA
6366,1
6367,1
6368,1
6369,NA
6370,1
6371,1
6372,NA
6373,NA
6374,1
6375,1
6376,NA
6377,NA
6378,1
6379,NA
6380,NA
6381,NA
6382,1
6383,NA
6384,NA
6385,NA
6386,1
6387,1
6388,1
6389,1
6390,NA
6391,NA
6392,1
6393,1
6394,NA
6395,1
6396,1
6397,NA
6398,NA
6399,NA
6400,1
6401,1
6402,NA
6403,1
6404,NA
6405,NA
6406,NA
6407,NA
6408,1
6409,1
6410,1
6411,1
6412,1
6413,NA
6414,NA
6415,NA
6416,NA
6417,1
6418,1
6419,1
6420,NA
6421,NA
6422,NA
6423,NA
6424,1
6425,NA
6426,NA
6427,NA
6428,1
6429,NA
6430,NA
6431,NA
6432,1
6433,1
6434,1
6435,NA
6436,1
6437,1
6438,1
6439,NA
6440,NA
6441,NA
6442,NA
6443,NA
6444,1
6445,1
6446,NA
6447,NA
6448,NA
6449,1
6450,NA
6451,0
6452,1
6453,NA
6454,1
6455,NA
6456,NA
6457,1
6458,NA
6459,1
6460,1
6461,NA
6462,1
6463,NA
6464,NA
6465,NA
6466,1
6467,1
6468,1
6469,1
6470,1
6471,NA
6472,NA
6473,1
6474,1
6475,NA
6476,NA
6477,NA
6478,NA
6479,NA
6480,1
6481,1
6482,NA
6483,NA
6484,NA
6485,1
6486,NA
6487,NA
6488,1
6489,NA
6490,NA
6491,NA
6492,NA
6493,1
6494,1
6495,1
6496,1
6497,NA
6498,NA
6499,NA
6500,NA
6501,NA
6502,1
6503,1
6504,NA
6505,1
6506,NA
6507,1
6508,NA
6509,NA
6510,NA
6511,NA
6512,NA
6513,NA
6514,NA
6515,NA
6516,NA
6517,NA
6518,NA
6519,NA
6520,NA
6521,NA
6522,NA
6523,NA
6524,NA
6525,NA
6526,NA
6527,NA
6528,NA
6529,NA
6530,NA
6531,NA
6532,NA
6533,NA
6534,NA
6535,NA
6536,NA
6537,NA
6538,NA
6539,NA
6540,NA
6541,1
6542,1
6543,0
6544,NA
6545,NA
6546,1
6547,NA
6548,NA
6549,NA
6550,1
6551,0
6552,NA
6553,1
6554,NA
6555,NA
6556,1
6557,1
6558,NA
6559,1
6560,NA
6561,NA
6562,NA
6563,NA
6564,NA
6565,1
6566,1
6567,NA
6568,1
6569,1
6570,1
6571,NA
6572,NA
6573,NA
6574,NA
6575,NA
6576,NA
6577,1
6578,NA
6579,1
6580,1
6581,NA
6582,NA
6583,0
6584,NA
6585,NA
6586,NA
6587,1
6588,0
6589,NA
6590,NA
6591,1
6592,1
6593,1
6594,NA
6595,NA
6596,NA
6597,1
6598,NA
6599,NA
6600,1
6601,1
6602,NA
6603,1
6604,NA
6605,NA
6606,NA
6607,NA
6608,NA
6609,1
6610,0
6611,1
6612,0
6613,NA
6614,NA
6615,NA
6616,NA
6617,NA
6618,1
6619,1
6620,NA
6621,NA
6622,1
6623,NA
6624,NA
6625,1
6626,1
6627,1
6628,1
6629,1
6630,NA
6631,NA
6632,NA
6633,NA
6634,NA
6635,1
6636,1
6637,1
6638,1
6639,1
6640,NA
6641,NA
6642,NA
6643,NA
6644,NA
6645,NA
6646,NA
6647,1
6648,NA
6649,1
6650,NA
6651,1
6652,1
6653,1
6654,NA
6655,NA
6656,1
6657,NA
6658,0
6659,1
6660,NA
6661,1
6662,NA
6663,NA
6664,1
6665,1
6666,0
6667,NA
6668,NA
6669,1
6670,1
6671,NA
6672,NA
6673,NA
6674,NA
6675,NA
6676,1
6677,NA
6678,1
6679,1
6680,NA
6681,1
6682,1
6683,0
6684,NA
6685,1
6686,1
6687,0
6688,1
6689,NA
6690,NA
6691,1
6692,NA
6693,NA
6694,NA
6695,1
6696,NA
6697,1
6698,NA
6699,NA
6700,NA
6701,1
6702,NA
6703,NA
6704,NA
6705,NA
6706,NA
6707,1
6708,NA
6709,NA
6710,NA
6711,1
6712,NA
6713,NA
6714,NA
6715,1
6716,NA
6717,NA
6718,NA
6719,1
6720,NA
6721,NA
6722,NA
6723,1
6724,NA
6725,1
6726,1
6727,NA
6728,NA
6729,NA
6730,NA
6731,NA
6732,1
6733,NA
6734,NA
6735,NA
6736,NA
6737,NA
6738,1
6739,NA
6740,NA
6741,1
6742,NA
6743,1
6744,0
6745,NA
6746,NA
6747,NA
6748,0
6749,NA
6750,1
6751,NA
6752,NA
6753,1
6754,1
6755,1
6756,NA
6757,NA
6758,NA
6759,1
6760,NA
6761,NA
6762,NA
6763,0
6764,NA
6765,0
6766,NA
6767,0
6768,0
6769,0
6770,0
6771,0
6772,NA
6773,NA
6774,NA
6775,NA
6776,NA
6777,NA
6778,0
6779,0
6780,0
6781,0
6782,0
6783,NA
6784,0
6785,NA
6786,0
6787,NA
6788,0
6789,NA
6790,NA
6791,0
6792,NA
6793,NA
6794,NA
6795,NA
6796,NA
6797,NA
6798,NA
6799,0
6800,NA
6801,NA
6802,NA
6803,NA
6804,NA
6805,NA
6806,NA
6807,NA
6808,NA
6809,NA
6810,NA
6811,NA
6812,NA
6813,NA
6814,NA
6815,NA
6816,NA
6817,NA
6818,NA
6819,NA
6820,NA
6821,0
6822,NA
6823,NA
6824,NA
6825,0
6826,NA
6827,NA
6828,NA
6829,0
6830,0
6831,NA
6832,0
6833,0
6834,NA
6835,0
6836,NA
6837,NA
6838,NA
6839,NA
6840,0
6841,NA
6842,NA
6843,0
6844,0
6845,NA
6846,0
6847,0
6848,0
6849,NA
6850,NA
6851,NA
6852,NA
6853,0
6854,NA
6855,NA
6856,NA
6857,NA
6858,NA
6859,NA
6860,NA
6861,NA
6862,NA
6863,NA
6864,NA
6865,NA
6866,NA
6867,NA
6868,NA
6869,NA
6870,NA
6871,NA
6872,NA
6873,NA
6874,NA
6875,NA
6876,NA
6877,0
6878,NA
6879,NA
6880,NA
6881,NA
6882,NA
6883,NA
6884,NA
6885,0
6886,NA
6887,NA
6888,NA
6889,0
6890,NA
6891,NA
6892,NA
6893,NA
6894,NA
6895,NA
6896,NA
6897,NA
6898,NA
6899,NA
6900,NA
6901,NA
6902,NA
6903,NA
6904,NA
6905,NA
6906,NA
6907,1
6908,NA
6909,NA
6910,NA
6911,NA
6912,1
6913,NA
6914,NA
6915,NA
6916,NA
6917,NA
6918,NA
6919,1
6920,NA
6921,1
6922,NA
6923,NA
6924,NA
6925,NA
6926,1
6927,NA
6928,NA
6929,NA
6930,NA
6931,1
6932,NA
6933,NA
6934,NA
6935,NA
6936,1
6937,1
6938,NA
6939,NA
6940,1
6941,NA
6942,NA
6943,NA
6944,NA
6945,NA
6946,NA
6947,NA
6948,NA
6949,NA
6950,NA
6951,NA
6952,NA
6953,1
6954,NA
6955,1
6956,1
6957,NA
6958,NA
6959,1
6960,NA
6961,NA
6962,NA
6963,NA
6964,NA
6965,NA
6966,0
6967,NA
6968,NA
6969,0
6970,NA
6971,0
6972,NA
6973,0
6974,0
6975,NA
6976,NA
6977,NA
6978,NA
6979,NA
6980,NA
6981,NA
6982,NA
6983,NA
6984,NA
6985,NA
6986,NA
6987,NA
6988,NA
6989,NA
6990,NA
6991,NA
6992,NA
6993,NA
6994,NA
6995,NA
6996,0
6997,NA
6998,0
6999,NA
7000,NA
7001,NA
7002,NA
7003,0
7004,NA
7005,NA
7006,NA
7007,0
7008,NA
7009,NA
7010,NA
7011,NA
7012,NA
7013,NA
7014,NA
7015,NA
7016,NA
7017,NA
7018,0
7019,0
7020,NA
7021,NA
7022,NA
7023,NA
7024,NA
7025,NA
7026,NA
7027,NA
7028,NA
7029,NA
7030,0
7031,NA
7032,0
7033,NA
7034,NA
7035,NA
7036,NA
7037,0
7038,NA
7039,NA
7040,NA
7041,NA
7042,0
7043,NA
7044,NA
7045,NA
7046,0
7047,NA
7048,0
7049,NA
7050,0
7051,NA
7052,NA
7053,NA
7054,NA
7055,NA
7056,NA
7057,NA
7058,NA
7059,NA
7060,NA
7061,0
7062,NA
7063,NA
7064,0
7065,NA
7066,NA
7067,NA
7068,NA
7069,NA
7070,NA
7071,NA
7072,NA
7073,1
7074,NA
7075,NA
7076,NA
7077,NA
7078,1
7079,1
7080,NA
7081,NA
7082,1
7083,NA
7084,1
7085,NA
7086,NA
7087,NA
7088,1
7089,1
7090,1
7091,1
7092,NA
7093,NA
7094,1
7095,NA
7096,1
7097,1
7098,NA
7099,NA
7100,1
7101,NA
7102,NA
7103,NA
7104,NA
7105,NA
7106,NA
7107,1
7108,1
7109,NA
7110,NA
7111,1
7112,NA
7113,NA
7114,NA
7115,NA
7116,NA
7117,NA
7118,1
7119,NA
7120,NA
7121,1
7122,NA
7123,1
7124,1
7125,NA
7126,1
7127,NA
7128,NA
7129,NA
7130,1
7131,NA
7132,NA
7133,1
7134,NA
7135,NA
7136,NA
7137,NA
7138,1
7139,NA
7140,NA
7141,1
7142,NA
7143,1
7144,1
7145,NA
7146,NA
7147,1
7148,NA
7149,NA
7150,NA
7151,NA
7152,NA
7153,1
7154,0
7155,NA
7156,1
7157,1
7158,1
7159,NA
7160,NA
7161,NA
7162,NA
7163,NA
7164,NA
7165,1
7166,NA
7167,1
7168,NA
7169,NA
7170,1
7171,NA
7172,NA
7173,NA
7174,1
7175,NA
7176,NA
7177,NA
7178,NA
7179,NA
7180,NA
7181,NA
7182,NA
7183,NA
7184,NA
7185,NA
7186,1
7187,NA
7188,NA
7189,NA
7190,NA
7191,NA
7192,NA
7193,NA
7194,NA
7195,NA
7196,NA
7197,NA
7198,NA
7199,NA
7200,NA
7201,1
7202,NA
7203,1
7204,NA
7205,1
7206,NA
7207,NA
7208,NA
7209,1
7210,1
7211,NA
7212,NA
7213,1
7214,NA
7215,NA
7216,NA
7217,NA
7218,NA
7219,NA
7220,NA
7221,NA
7222,NA
7223,NA
7224,1
7225,1
7226,1
7227,1
7228,NA
7229,NA
7230,NA
7231,NA
7232,NA
7233,NA
7234,NA
7235,NA
7236,NA
7237,1
7238,NA
7239,NA
7240,1
7241,NA
7242,NA
7243,NA
7244,1
7245,NA
7246,1
7247,NA
7248,NA
7249,NA
7250,NA
7251,1
7252,NA
7253,1
7254,NA
7255,NA
7256,NA
7257,1
7258,1
7259,NA
7260,NA
7261,NA
7262,1
7263,NA
7264,NA
7265,NA
7266,1
7267,NA
7268,NA
7269,NA
7270,NA
7271,NA
7272,NA
7273,NA
7274,NA
7275,1
7276,NA
7277,1
7278,NA
7279,1
7280,NA
7281,1
7282,NA
7283,NA
7284,NA
7285,NA
7286,1
7287,NA
7288,NA
7289,NA
7290,NA
7291,NA
7292,NA
7293,0
7294,NA
7295,NA
7296,NA
7297,0
7298,0
7299,NA
7300,0
7301,NA
7302,NA
7303,0
7304,0
7305,0
7306,0
7307,0
7308,0
7309,0
7310,NA
7311,NA
7312,0
7313,0
7314,NA
7315,0
7316,NA
7317,0
7318,NA
7319,NA
7320,NA
7321,NA
7322,1
7323,0
7324,0
7325,0
7326,NA
7327,NA
7328,NA
7329,1
7330,0
7331,1
7332,NA
7333,NA
7334,NA
7335,NA
7336,0
7337,0
7338,NA
7339,NA
7340,NA
7341,0
7342,NA
7343,NA
7344,NA
7345,NA
7346,NA
7347,NA
7348,NA
7349,NA
7350,NA
7351,NA
7352,NA
7353,0
7354,1
7355,NA
7356,0
7357,0
7358,NA
7359,NA
7360,NA
7361,NA
7362,NA
7363,NA
7364,NA
7365,1
7366,NA
7367,NA
7368,NA
7369,NA
7370,NA
7371,0
7372,0
7373,NA
7374,NA
7375,NA
7376,NA
7377,0
7378,0
7379,0
7380,NA
7381,0
7382,NA
7383,NA
7384,1
7385,NA
7386,NA
7387,0
7388,NA
7389,0
7390,0
7391,NA
7392,NA
7393,NA
7394,NA
7395,0
7396,NA
7397,NA
7398,NA
7399,NA
7400,NA
7401,NA
7402,0
7403,NA
7404,NA
7405,0
7406,NA
7407,NA
7408,NA
7409,1
7410,NA
7411,NA
7412,0
7413,NA
7414,NA
7415,0
7416,1
7417,1
7418,0
7419,NA
7420,NA
7421,NA
7422,NA
7423,NA
7424,1
7425,NA
7426,NA
7427,0
7428,NA
7429,NA
7430,0
7431,NA
7432,NA
7433,1
7434,NA
7435,0
7436,NA
7437,0
7438,NA
7439,NA
7440,NA
7441,NA
7442,1
7443,NA
7444,NA
7445,NA
7446,1
7447,NA
7448,1
7449,NA
7450,1
7451,NA
7452,NA
7453,NA
7454,NA
7455,NA
7456,NA
7457,NA
7458,NA
7459,NA
7460,NA
7461,NA
7462,NA
7463,NA
7464,NA
7465,1
7466,NA
7467,NA
7468,NA
7469,NA
7470,1
7471,NA
7472,NA
7473,NA
7474,NA
7475,NA
7476,1
7477,NA
7478,NA
7479,1
7480,NA
7481,NA
7482,0
7483,NA
7484,NA
7485,NA
7486,1
7487,NA
7488,0
7489,NA
7490,NA
7491,NA
7492,NA
7493,NA
7494,1
7495,1
7496,1
7497,1
7498,NA
7499,NA
7500,NA
7501,NA
7502,NA
7503,NA
7504,NA
7505,1
7506,NA
7507,NA
7508,NA
7509,NA
7510,NA
7511,0
7512,NA
7513,NA
7514,NA
7515,NA
7516,NA
7517,1
7518,1
7519,1
7520,NA
7521,NA
7522,NA
7523,NA
7524,NA
7525,NA
7526,1
7527,1
7528,NA
7529,NA
7530,NA
7531,NA
7532,NA
7533,NA
7534,0
7535,1
7536,NA
7537,0
7538,NA
7539,NA
7540,1
7541,1
7542,1
7543,NA
7544,1
7545,0
7546,1
7547,NA
7548,NA
7549,1
7550,NA
7551,NA
7552,0
7553,0
7554,1
7555,NA
7556,NA
7557,NA
7558,NA
7559,1
7560,NA
7561,NA
7562,NA
7563,1
7564,NA
7565,NA
7566,1
7567,NA
7568,0
7569,NA
7570,NA
7571,NA
7572,NA
7573,NA
7574,0
7575,NA
7576,NA
7577,NA
7578,NA
7579,NA
7580,1
7581,NA
7582,NA
7583,NA
7584,NA
7585,NA
7586,0
7587,NA
7588,NA
7589,1
7590,1
7591,NA
7592,NA
7593,NA
7594,NA
7595,NA
7596,NA
7597,NA
7598,NA
7599,NA
7600,NA
7601,NA
7602,NA
7603,NA
7604,1
7605,NA
7606,NA
7607,1
7608,NA
7609,NA
7610,NA
7611,NA
7612,NA
7613,NA
7614,NA
7615,NA
7616,NA
7617,NA
7618,NA
7619,NA
7620,NA
7621,NA
7622,NA
7623,NA
7624,NA
7625,NA
7626,1
7627,NA
7628,NA
7629,NA
7630,NA
7631,NA
7632,NA
7633,NA
7634,NA
7635,NA
7636,NA
7637,NA
7638,1
7639,0
7640,NA
7641,NA
7642,NA
7643,1
7644,NA
7645,NA
7646,NA
7647,NA
7648,NA
7649,NA
7650,0
7651,NA
7652,NA
7653,NA
7654,NA
7655,1
7656,NA
7657,1
7658,NA
7659,NA
7660,NA
7661,NA
7662,1
7663,NA
7664,0
7665,NA
7666,0
7667,0
7668,NA
7669,NA
7670,NA
7671,1
7672,1
7673,0
7674,0
7675,NA
7676,NA
7677,NA
7678,0
7679,NA
7680,NA
7681,NA
7682,NA
7683,NA
7684,0
7685,NA
7686,NA
7687,0
7688,0
7689,NA
7690,NA
7691,0
7692,0
7693,0
7694,NA
7695,NA
7696,NA
7697,NA
7698,NA
7699,NA
7700,1
7701,1
7702,NA
7703,NA
7704,NA
7705,NA
7706,NA
7707,NA
7708,NA
7709,NA
7710,0
7711,NA
7712,NA
7713,NA
7714,NA
7715,NA
7716,0
7717,0
7718,NA
7719,0
7720,NA
7721,NA
7722,NA
7723,0
7724,NA
7725,NA
7726,NA
7727,NA
7728,NA
7729,NA
7730,0
7731,0
7732,0
7733,NA
7734,NA
7735,NA
7736,NA
7737,0
7738,NA
7739,NA
7740,NA
7741,NA
7742,NA
7743,0
7744,0
7745,0
7746,NA
7747,0
7748,NA
7749,NA
7750,NA
7751,NA
7752,0
7753,0
7754,0
7755,0
7756,0
7757,0
7758,NA
7759,NA
7760,NA
7761,NA
7762,NA
7763,NA
7764,NA
7765,NA
7766,0
7767,0
7768,0
7769,NA
7770,0
7771,0
7772,0
7773,0
7774,0
7775,NA
7776,0
7777,NA
7778,NA
7779,NA
7780,NA
7781,NA
7782,NA
7783,NA
7784,0
7785,0
7786,0
7787,0
7788,0
7789,NA
7790,0
7791,0
7792,0
7793,0
7794,0
7795,0
7796,0
7797,NA
7798,0
7799,0
7800,NA
7801,0
7802,0
7803,0
7804,NA
7805,NA
7806,NA
7807,NA
7808,NA
7809,0
7810,0
7811,NA
7812,0
7813,NA
7814,NA
7815,NA
7816,NA
7817,NA
7818,NA
7819,NA
7820,NA
7821,1
7822,1
7823,NA
7824,NA
7825,NA
7826,NA
7827,1
7828,NA
7829,NA
7830,NA
7831,1
7832,1
7833,1
7834,1
7835,NA
7836,NA
7837,NA
7838,NA
7839,NA
7840,NA
7841,NA
7842,NA
7843,NA
7844,NA
7845,NA
7846,NA
7847,NA
7848,NA
7849,NA
7850,1
7851,1
7852,NA
7853,1
7854,1
7855,1
7856,1
7857,NA
7858,NA
7859,NA
7860,NA
7861,NA
7862,NA
7863,NA
7864,1
7865,1
7866,1
7867,1
7868,NA
7869,NA
7870,NA
7871,NA
7872,NA
7873,NA
7874,NA
7875,NA
7876,1
7877,NA
7878,NA
7879,NA
7880,NA
7881,NA
7882,NA
7883,NA
7884,NA
7885,1
7886,1
7887,NA
7888,NA
7889,1
7890,NA
7891,1
7892,NA
7893,NA
7894,NA
7895,1
7896,NA
7897,NA
7898,1
7899,NA
7900,NA
7901,NA
7902,NA
7903,NA
7904,NA
7905,NA
7906,1
7907,NA
7908,NA
7909,NA
7910,1
7911,NA
7912,NA
7913,NA
7914,NA
7915,NA
7916,1
7917,1
7918,1
7919,NA
7920,NA
7921,NA
7922,NA
7923,NA
7924,NA
7925,NA
7926,NA
7927,NA
7928,NA
7929,NA
7930,NA
7931,NA
7932,NA
7933,NA
7934,1
7935,1
7936,1
7937,1
7938,NA
7939,NA
7940,1
7941,NA
7942,1
7943,NA
7944,NA
7945,NA
7946,1
7947,NA
7948,NA
7949,NA
7950,1
7951,1
7952,NA
7953,NA
7954,1
7955,NA
7956,NA
7957,NA
7958,NA
7959,1
7960,1
7961,NA
7962,1
7963,1
7964,NA
7965,1
7966,NA
7967,NA
7968,NA
7969,NA
7970,NA
7971,NA
7972,1
7973,NA
7974,1
7975,NA
7976,NA
7977,NA
7978,NA
7979,NA
7980,NA
7981,NA
7982,NA
7983,NA
7984,NA
7985,NA
7986,NA
7987,NA
7988,NA
7989,0
7990,1
7991,NA
7992,NA
7993,NA
7994,NA
7995,0
7996,NA
7997,NA
7998,1
7999,NA
8000,NA
8001,NA
8002,NA
8003,NA
8004,NA
8005,NA
8006,NA
8007,NA
8008,NA
8009,NA
8010,NA
8011,0
8012,NA
8013,NA
8014,NA
8015,0
8016,0
8017,NA
8018,0
8019,NA
8020,NA
8021,0
8022,0
8023,0
8024,0
8025,0
8026,0
8027,0
8028,NA
8029,NA
8030,0
8031,0
8032,NA
8033,0
8034,NA
8035,0
8036,NA
8037,NA
8038,NA
8039,NA
8040,1
8041,0
8042,0
8043,0
8044,NA
8045,NA
8046,NA
8047,1
8048,0
8049,1
8050,NA
8051,NA
8052,NA
8053,NA
8054,0
8055,0
8056,NA
8057,NA
8058,NA
8059,0
8060,NA
8061,NA
8062,NA
8063,NA
8064,NA
8065,NA
8066,NA
8067,NA
8068,NA
8069,NA
8070,NA
8071,0
8072,1
8073,NA
8074,0
8075,0
8076,NA
8077,NA
8078,NA
8079,NA
8080,NA
8081,NA
8082,NA
8083,1
8084,NA
8085,NA
8086,NA
8087,NA
8088,NA
8089,0
8090,0
8091,NA
8092,NA
8093,NA
8094,NA
8095,0
8096,0
8097,0
8098,NA
8099,0
8100,NA
8101,NA
8102,1
8103,NA
8104,NA
8105,0
8106,NA
8107,0
8108,0
8109,NA
8110,NA
8111,NA
8112,NA
8113,0
8114,NA
8115,NA
8116,NA
8117,NA
8118,NA
8119,NA
8120,0
8121,NA
8122,NA
8123,0
8124,NA
8125,NA
8126,NA
8127,1
8128,NA
8129,NA
8130,0
8131,NA
8132,NA
8133,0
8134,1
8135,1
8136,0
8137,NA
8138,NA
8139,NA
8140,NA
8141,NA
8142,1
8143,NA
8144,NA
8145,0
8146,NA
8147,NA
8148,0
8149,NA
8150,NA
8151,1
8152,NA
8153,0
8154,NA
8155,0
8156,NA
8157,NA
8158,NA
8159,NA
8160,1
8161,NA
8162,NA
8163,NA
8164,1
8165,NA
8166,1
8167,NA
8168,1
8169,NA
8170,NA
8171,NA
8172,NA
8173,NA
8174,NA
8175,NA
8176,NA
8177,NA
8178,NA
8179,NA
8180,NA
8181,NA
8182,NA
8183,1
8184,NA
8185,NA
8186,NA
8187,NA
8188,1
8189,NA
8190,NA
8191,NA
8192,NA
8193,NA
8194,1
8195,NA
8196,NA
8197,1
8198,NA
8199,NA
8200,0
8201,NA
8202,NA
8203,NA
8204,1
8205,NA
8206,0
8207,NA
8208,NA
8209,NA
8210,NA
8211,NA
8212,1
8213,1
8214,1
8215,1
8216,NA
8217,NA
8218,NA
8219,NA
8220,NA
8221,NA
8222,NA
8223,1
8224,NA
8225,NA
8226,NA
8227,NA
8228,NA
8229,0
8230,NA
8231,NA
8232,NA
8233,NA
8234,NA
8235,1
8236,1
8237,1
8238,NA
8239,NA
8240,NA
8241,NA
8242,NA
8243,NA
8244,1
8245,1
8246,NA
8247,NA
8248,NA
8249,NA
8250,NA
8251,NA
8252,0
8253,1
8254,NA
8255,0
8256,NA
8257,NA
8258,1
8259,1
8260,1
8261,NA
8262,1
8263,0
8264,1
8265,NA
8266,NA
8267,1
8268,NA
8269,NA
8270,0
8271,0
8272,1
8273,NA
8274,NA
8275,NA
8276,NA
8277,1
8278,NA
8279,NA
8280,NA
8281,1
8282,NA
8283,NA
8284,1
8285,NA
8286,0
8287,NA
8288,NA
8289,NA
8290,NA
8291,NA
8292,0
8293,NA
8294,NA
8295,NA
8296,NA
8297,NA
8298,1
8299,NA
8300,NA
8301,NA
8302,NA
8303,NA
8304,0
8305,NA
8306,NA
8307,1
8308,1
8309,NA
8310,NA
8311,NA
8312,NA
8313,NA
8314,NA
8315,NA
8316,NA
8317,NA
8318,NA
8319,NA
8320,NA
8321,NA
8322,1
8323,NA
8324,NA
8325,1
8326,NA
8327,NA
8328,NA
8329,NA
8330,NA
8331,NA
8332,NA
8333,NA
8334,NA
8335,NA
8336,NA
8337,NA
8338,NA
8339,NA
8340,NA
8341,NA
8342,NA
8343,NA
8344,1
8345,NA
8346,NA
8347,NA
8348,NA
8349,NA
8350,NA
8351,NA
8352,NA
8353,NA
8354,NA
8355,NA
8356,1
8357,0
8358,NA
8359,NA
8360,NA
8361,1
8362,NA
8363,NA
8364,NA
8365,NA
8366,NA
8367,NA
8368,0
8369,NA
8370,NA
8371,NA
8372,NA
8373,1
8374,NA
8375,1
8376,NA
8377,NA
8378,NA
8379,NA
8380,1
8381,NA
8382,0
8383,NA
8384,0
8385,0
8386,NA
8387,NA
8388,NA
8389,1
8390,1
8391,0
8392,0
8393,NA
8394,NA
8395,NA
8396,0
8397,NA
8398,NA
8399,NA
8400,NA
8401,NA
8402,0
8403,NA
8404,NA
8405,0
8406,0
8407,NA
8408,NA
8409,0
8410,0
8411,0
8412,NA
8413,NA
8414,NA
8415,NA
8416,NA
8417,NA
8418,1
8419,1
8420,NA
8421,NA
8422,NA
8423,NA
8424,NA
8425,NA
8426,NA
8427,NA
8428,0
8429,NA
8430,NA
8431,NA
8432,NA
8433,NA
8434,0
8435,0
8436,NA
8437,0
8438,NA
8439,NA
8440,NA
8441,0
8442,NA
8443,NA
8444,NA
8445,NA
8446,NA
8447,NA
8448,0
8449,0
8450,0
8451,NA
8452,NA
8453,NA
8454,NA
8455,0
8456,NA
8457,NA
8458,NA
8459,NA
8460,NA
8461,0
8462,0
8463,0
8464,NA
8465,0
8466,NA
8467,NA
8468,NA
8469,NA
8470,0
8471,0
8472,0
8473,0
8474,0
8475,0
8476,NA
8477,NA
8478,NA
8479,NA
8480,NA
8481,NA
8482,NA
8483,NA
8484,0
8485,0
8486,0
8487,NA
8488,0
8489,0
8490,0
8491,0
8492,0
8493,NA
8494,0
8495,NA
8496,NA
8497,NA
8498,NA
8499,NA
8500,NA
8501,NA
8502,0
8503,0
8504,0
8505,0
8506,0
8507,NA
8508,0
8509,0
8510,0
8511,0
8512,0
8513,0
8514,0
8515,NA
8516,0
8517,0
8518,NA
8519,0
8520,0
8521,0
8522,NA
8523,NA
8524,NA
8525,NA
8526,NA
8527,0
8528,0
8529,NA
8530,0
8531,NA
8532,NA
8533,NA
8534,NA
8535,NA
8536,NA
8537,NA
8538,NA
8539,1
8540,1
8541,NA
8542,NA
8543,NA
8544,NA
8545,1
8546,NA
8547,NA
8548,NA
8549,1
8550,1
8551,1
8552,1
8553,NA
8554,NA
8555,NA
8556,NA
8557,NA
8558,NA
8559,NA
8560,NA
8561,NA
8562,NA
8563,NA
8564,NA
8565,NA
8566,NA
8567,NA
8568,1
8569,1
8570,NA
8571,1
8572,1
8573,1
8574,1
8575,NA
8576,NA
8577,NA
8578,NA
8579,NA
8580,NA
8581,NA
8582,1
8583,1
8584,1
8585,1
8586,NA
8587,NA
8588,NA
8589,NA
8590,NA
8591,NA
8592,NA
8593,NA
8594,1
8595,NA
8596,NA
8597,NA
8598,NA
8599,NA
8600,NA
8601,NA
8602,NA
8603,1
8604,1
8605,NA
8606,NA
8607,1
8608,NA
8609,1
8610,NA
8611,NA
8612,NA
8613,1
8614,NA
8615,NA
8616,1
8617,NA
8618,NA
8619,NA
8620,NA
8621,NA
8622,NA
8623,NA
8624,1
8625,NA
8626,NA
8627,NA
8628,1
8629,NA
8630,NA
8631,NA
8632,NA
8633,NA
8634,1
8635,1
8636,1
8637,NA
8638,NA
8639,NA
8640,NA
8641,NA
8642,NA
8643,NA
8644,NA
8645,NA
8646,NA
8647,NA
8648,NA
8649,NA
8650,NA
8651,NA
8652,1
8653,1
8654,1
8655,1
8656,NA
8657,NA
8658,1
8659,NA
8660,1
8661,NA
8662,NA
8663,NA
8664,1
8665,NA
8666,NA
8667,NA
8668,1
8669,1
8670,NA
8671,NA
8672,1
8673,NA
8674,NA
8675,NA
8676,NA
8677,1
8678,1
8679,NA
8680,1
8681,1
8682,NA
8683,1
8684,NA
8685,NA
8686,NA
8687,NA
8688,NA
8689,NA
8690,1
8691,NA
8692,1
8693,NA
8694,NA
8695,NA
8696,NA
8697,NA
8698,NA
8699,NA
8700,NA
8701,NA
8702,NA
8703,NA
8704,NA
8705,NA
8706,NA
8707,0
8708,1
8709,NA
8710,NA
8711,NA
8712,NA
8713,0
8714,NA
8715,NA
8716,1
8717,NA
8718,NA
8719,NA
8720,NA
8721,NA
8722,NA
8723,NA
8724,NA
8725,NA
8726,NA
