1,2
2,2
3,2
4,2
5,2
6,1
7,3
8,1
9,2
10,2
11,2
12,2
13,2
14,2
15,2
16,2
17,2
18,1
19,2
20,1
21,1
22,3
23,2
24,2
25,2
26,2
27,2
28,2
29,2
30,2
31,2
32,2
33,2
34,2
35,1
36,2
37,2
38,2
39,2
40,2
41,1
42,2
43,2
44,3
45,2
46,2
47,2
48,2
49,2
50,2
51,2
52,2
53,1
54,2
55,2
56,1
57,2
58,2
59,2
60,2
61,2
62,2
63,2
64,2
65,1
66,2
67,2
68,2
69,2
70,2
71,2
72,2
73,2
74,2
75,2
76,3
77,2
78,2
79,2
80,3
81,2
82,2
83,1
84,2
85,3
86,2
87,2
88,2
89,3
90,2
91,2
92,2
93,2
94,2
95,1
96,3
97,2
98,1
99,2
100,2
101,2
102,3
103,2
104,2
105,2
106,1
107,2
108,2
109,2
110,3
111,2
112,2
113,2
114,2
115,2
116,2
117,2
118,2
119,2
120,2
121,3
122,2
123,2
124,2
125,2
126,2
127,2
128,2
129,2
130,1
131,1
132,2
133,1
134,2
135,2
136,2
137,2
138,3
139,2
140,NA
141,2
142,2
143,2
144,2
145,2
146,2
147,2
148,3
149,2
150,2
151,2
152,1
153,2
154,2
155,2
156,2
157,3
158,2
159,1
160,2
161,2
162,3
163,2
164,2
165,3
166,2
167,2
168,1
169,2
170,2
171,2
172,2
173,2
174,2
175,2
176,2
177,2
178,2
179,2
180,2
181,1
182,2
183,1
184,2
185,2
186,2
187,1
188,2
189,2
190,2
191,3
192,3
193,2
194,3
195,2
196,2
197,3
198,2
199,2
200,NA
201,2
202,2
203,2
204,1
205,2
206,2
207,3
208,1
209,2
210,2
211,2
212,2
213,2
214,2
215,2
216,2
217,2
218,2
219,3
220,2
221,2
222,2
223,2
224,2
225,2
226,2
227,3
228,2
229,2
230,2
231,2
232,2
233,2
234,2
235,3
236,2
237,1
238,2
239,2
240,2
241,1
242,3
243,3
244,2
245,2
246,2
247,3
248,2
249,2
250,2
251,2
252,2
253,2
254,2
255,2
256,2
257,2
258,2
259,2
260,2
261,2
262,2
263,3
264,2
265,2
266,1
267,3
268,2
269,3
270,2
271,1
272,2
273,2
274,2
275,3
276,2
277,2
278,2
279,2
280,2
281,NA
282,2
283,2
284,2
285,2
286,2
287,2
288,2
289,2
290,2
291,2
292,2
293,2
294,2
295,NA
296,NA
297,NA
298,2
299,2
300,2
301,2
302,2
303,2
304,3
305,2
306,2
307,2
308,2
309,2
310,2
311,2
312,2
313,2
314,2
315,2
316,2
317,2
318,2
319,2
320,2
321,2
322,2
323,1
324,2
325,2
326,1
327,2
328,1
329,2
330,2
331,2
332,2
333,2
334,2
335,2
336,2
337,2
338,2
339,2
340,2
341,2
342,2
343,1
344,2
345,2
346,1
347,2
348,3
349,3
350,2
351,2
352,1
353,1
354,1
355,1
356,2
357,2
358,2
359,3
360,2
361,2
362,2
363,2
364,2
365,2
366,2
367,1
368,2
369,2
370,2
371,2
372,2
373,2
374,2
375,2
376,2
377,1
378,2
379,2
380,2
381,2
382,2
383,NA
384,2
385,2
386,2
387,2
388,3
389,2
390,2
391,2
392,2
393,2
394,2
395,2
396,3
397,2
398,2
399,2
400,2
401,2
402,2
403,2
404,2
405,3
406,2
407,2
408,2
409,2
410,2
411,2
412,1
413,1
414,1
415,2
416,2
417,1
418,2
419,2
420,2
421,2
422,3
423,3
424,3
425,3
426,3
427,2
428,3
429,1
430,1
431,1
432,2
433,1
434,2
435,2
436,2
437,3
438,2
439,2
440,1
441,2
442,1
443,2
444,2
445,2
446,2
447,2
448,2
449,2
450,3
451,3
452,1
453,2
454,2
455,2
456,1
457,2
458,2
459,2
460,2
461,2
462,2
463,2
464,2
465,2
466,2
467,3
468,2
469,2
470,2
471,2
472,1
473,1
474,2
475,2
476,2
477,2
478,2
479,2
480,2
481,2
482,2
483,2
484,2
485,1
486,2
487,2
488,3
489,2
490,2
491,2
492,2
493,2
494,2
495,2
496,2
497,3
498,2
499,2
500,2
501,2
502,2
503,2
504,2
505,2
506,2
507,1
508,2
509,2
510,2
511,2
512,2
513,2
514,1
515,2
516,NA
517,2
518,2
519,2
520,2
521,2
522,2
523,2
524,2
525,2
526,2
527,2
528,2
529,2
530,2
531,1
532,2
533,2
534,2
535,2
536,1
537,2
538,2
539,2
540,2
541,2
542,2
543,2
544,3
545,3
546,2
547,2
548,2
549,2
550,1
551,2
552,2
553,2
554,2
555,2
556,2
557,3
558,3
559,2
560,2
561,3
562,2
563,2
564,3
565,2
566,2
567,2
568,2
569,2
570,2
571,3
572,3
573,3
574,2
575,2
576,2
577,2
578,3
579,2
580,2
581,2
582,2
583,2
584,2
585,2
586,2
587,2
588,2
589,2
590,2
591,1
592,2
593,2
594,1
595,2
596,2
597,2
598,2
599,2
600,2
601,3
602,2
603,2
604,2
605,2
606,2
607,2
608,2
609,2
610,2
611,2
612,2
613,3
614,2
615,2
616,2
617,2
618,2
619,1
620,2
621,2
622,2
623,2
624,1
625,2
626,2
627,2
628,1
629,2
630,2
631,2
632,1
633,2
634,2
635,2
636,2
637,1
638,2
639,3
640,2
641,2
642,2
643,2
644,2
645,2
646,2
647,2
648,2
649,2
650,2
651,2
652,2
653,2
654,2
655,2
656,1
657,3
658,3
659,2
660,3
661,2
662,2
663,2
664,2
665,2
666,2
667,NA
668,3
669,2
670,2
671,2
672,2
673,2
674,NA
675,NA
676,2
677,2
678,1
679,2
680,2
681,2
682,2
683,1
684,3
685,2
686,2
687,2
688,2
689,2
690,2
691,2
692,2
693,3
694,2
695,3
696,2
697,2
698,1
699,2
700,1
701,2
702,2
703,2
704,3
705,2
706,2
707,2
708,2
709,2
710,2
711,2
712,2
713,2
714,2
715,2
716,2
717,2
718,2
719,2
720,2
721,2
722,2
723,2
724,2
725,2
726,1
727,2
728,2
729,2
730,2
731,2
732,2
733,2
734,2
735,2
736,2
737,1
738,2
739,2
740,2
741,2
742,2
743,2
744,2
745,2
746,2
747,2
748,2
749,2
750,2
751,1
752,2
753,1
754,2
755,3
756,3
757,3
758,2
759,2
760,2
761,2
762,2
763,2
764,2
765,2
766,2
767,1
768,2
769,2
770,2
771,2
772,2
773,2
774,2
775,2
776,NA
777,NA
778,NA
779,2
780,2
781,1
782,2
783,2
784,2
785,2
786,1
787,1
788,1
789,2
790,2
791,2
792,2
793,2
794,2
795,2
796,1
797,2
798,2
799,2
800,3
801,3
802,2
803,2
804,2
805,3
806,1
807,2
808,2
809,1
810,2
811,2
812,1
813,1
814,2
815,NA
816,2
817,2
818,2
819,2
820,2
821,1
822,1
823,2
824,2
825,2
826,2
827,2
828,2
829,2
830,3
831,1
832,2
833,2
834,2
835,2
836,1
837,2
838,2
839,1
840,2
841,2
842,3
843,2
844,2
845,2
846,2
847,2
848,2
849,2
850,2
851,2
852,2
853,2
854,2
855,1
856,2
857,NA
858,1
859,2
860,2
861,2
862,2
863,2
864,2
865,1
866,3
867,2
868,3
869,2
870,2
871,2
872,2
873,2
874,2
875,2
876,2
877,2
878,2
879,2
880,3
881,2
882,2
883,2
884,2
885,2
886,2
887,2
888,2
889,2
890,2
891,2
892,1
893,2
894,2
895,2
896,2
897,2
898,1
899,1
900,2
901,2
902,2
903,2
904,3
905,2
906,2
907,2
908,2
909,2
910,1
911,2
912,2
913,2
914,2
915,2
916,2
917,2
918,2
919,2
920,3
921,3
922,2
923,2
924,3
925,1
926,3
927,3
928,3
929,3
930,2
931,2
932,2
933,2
934,2
935,2
936,2
937,2
938,2
939,2
940,2
941,2
942,2
943,3
944,1
945,3
946,2
947,2
948,3
949,2
950,1
951,2
952,2
953,2
954,2
955,2
956,2
957,2
958,3
959,2
960,2
961,2
962,2
963,2
964,1
965,1
966,1
967,2
968,2
969,2
970,2
971,2
972,1
973,1
974,1
975,2
976,2
977,2
978,2
979,2
980,1
981,2
982,2
983,2
984,1
985,2
986,1
987,2
988,2
989,2
990,3
991,2
992,2
993,1
994,2
995,2
996,1
997,1
998,2
999,2
1000,2
1001,2
1002,2
1003,2
1004,2
1005,1
1006,3
1007,2
1008,2
1009,2
1010,2
1011,2
1012,2
1013,2
1014,3
1015,2
1016,2
1017,2
1018,2
1019,2
1020,2
1021,2
1022,2
1023,2
1024,2
1025,2
1026,2
1027,3
1028,2
1029,2
1030,1
1031,2
1032,NA
1033,2
1034,2
1035,2
1036,2
1037,2
1038,3
1039,3
1040,3
1041,2
1042,2
1043,2
1044,2
1045,2
1046,3
1047,2
1048,2
1049,2
1050,2
1051,2
1052,2
1053,1
1054,1
1055,2
1056,NA
1057,2
1058,2
1059,2
1060,2
1061,2
1062,2
1063,2
1064,2
1065,2
1066,2
1067,2
1068,2
1069,2
1070,2
1071,1
1072,3
1073,2
1074,2
1075,NA
1076,2
1077,2
1078,2
1079,2
1080,2
1081,1
1082,3
1083,2
1084,2
1085,2
1086,2
1087,2
1088,2
1089,2
1090,2
1091,2
1092,1
1093,2
1094,2
1095,2
1096,2
1097,2
1098,2
1099,2
1100,2
1101,2
1102,2
1103,2
1104,2
1105,3
1106,3
1107,1
1108,3
1109,2
1110,2
1111,2
1112,2
1113,2
1114,2
1115,2
1116,2
1117,2
1118,2
1119,2
1120,2
1121,2
1122,2
1123,2
1124,2
1125,2
1126,2
1127,1
1128,2
1129,2
1130,2
1131,2
1132,2
1133,2
1134,2
1135,2
1136,2
1137,2
1138,2
1139,2
1140,2
1141,2
1142,1
1143,2
1144,1
1145,NA
1146,2
1147,2
1148,2
1149,2
1150,2
1151,2
1152,2
1153,2
1154,2
1155,2
1156,2
1157,1
1158,2
1159,2
1160,2
1161,2
1162,2
1163,3
1164,2
1165,2
1166,NA
1167,NA
1168,2
1169,2
1170,2
1171,2
1172,2
1173,2
1174,3
1175,3
1176,2
1177,1
1178,3
1179,2
1180,2
1181,2
1182,2
1183,2
1184,3
1185,2
1186,2
1187,2
1188,2
1189,2
1190,2
1191,2
1192,1
1193,2
1194,2
1195,1
1196,2
1197,2
1198,2
1199,2
1200,2
1201,2
1202,3
1203,2
1204,2
1205,2
1206,2
1207,2
1208,2
1209,2
1210,2
1211,2
1212,2
1213,2
1214,1
1215,1
1216,2
1217,2
1218,2
1219,2
1220,2
1221,2
1222,3
1223,2
1224,1
1225,1
1226,2
1227,3
1228,2
1229,2
1230,2
1231,2
1232,2
1233,2
1234,2
1235,1
1236,2
1237,2
1238,2
1239,2
1240,2
1241,3
1242,3
1243,2
1244,1
1245,2
1246,2
1247,2
1248,2
1249,2
1250,3
1251,2
1252,2
1253,2
1254,3
1255,3
1256,1
1257,2
1258,2
1259,2
1260,2
1261,3
1262,2
1263,3
1264,2
1265,2
1266,2
1267,2
1268,1
1269,2
1270,2
1271,2
1272,2
1273,3
1274,2
1275,2
1276,2
1277,2
1278,3
1279,2
1280,1
1281,2
1282,2
1283,2
1284,1
1285,1
1286,1
1287,2
1288,2
1289,1
1290,1
1291,2
1292,2
1293,2
1294,3
1295,3
1296,3
1297,2
1298,2
1299,2
1300,2
1301,3
1302,3
1303,2
1304,2
1305,2
1306,2
1307,2
1308,2
1309,2
1310,2
1311,1
1312,3
1313,2
1314,3
1315,2
1316,2
1317,2
1318,2
1319,2
1320,NA
1321,2
1322,2
1323,2
1324,2
1325,NA
1326,1
1327,2
1328,2
1329,1
1330,2
1331,2
1332,2
1333,2
1334,2
1335,2
1336,2
1337,2
1338,2
1339,1
1340,2
1341,NA
1342,2
1343,2
1344,2
1345,2
1346,3
1347,3
1348,2
1349,2
1350,3
1351,3
1352,2
1353,2
1354,2
1355,2
1356,3
1357,1
1358,1
1359,2
1360,2
1361,2
1362,2
1363,3
1364,2
1365,2
1366,2
1367,2
1368,2
1369,2
1370,2
1371,3
1372,2
1373,2
1374,2
1375,2
1376,3
1377,NA
1378,NA
1379,NA
1380,NA
1381,NA
1382,NA
1383,NA
1384,NA
1385,NA
1386,NA
1387,NA
1388,NA
1389,NA
1390,NA
1391,NA
1392,NA
1393,NA
1394,NA
1395,NA
1396,NA
1397,NA
1398,NA
1399,NA
1400,NA
1401,NA
1402,NA
1403,NA
1404,NA
1405,NA
1406,NA
1407,NA
1408,NA
1409,NA
1410,NA
1411,NA
1412,NA
1413,NA
1414,NA
1415,NA
1416,NA
1417,NA
1418,NA
1419,NA
1420,NA
1421,NA
1422,NA
1423,NA
1424,NA
1425,NA
1426,NA
1427,NA
1428,NA
1429,NA
1430,NA
1431,NA
1432,NA
1433,NA
1434,NA
1435,1
1436,3
1437,2
1438,2
1439,3
1440,3
1441,3
1442,2
1443,3
1444,2
1445,2
1446,2
1447,2
1448,2
1449,3
1450,2
1451,3
1452,3
1453,1
1454,2
1455,2
1456,3
1457,2
1458,3
1459,2
1460,2
1461,2
1462,3
1463,2
1464,3
1465,2
1466,2
1467,2
1468,2
1469,2
1470,2
1471,2
1472,2
1473,2
1474,2
1475,3
1476,2
1477,2
1478,2
1479,2
1480,2
1481,2
1482,2
1483,2
1484,2
1485,2
1486,2
1487,2
1488,2
1489,2
1490,3
1491,3
1492,2
1493,2
1494,3
1495,2
1496,3
1497,2
1498,2
1499,2
1500,2
1501,2
1502,3
1503,3
1504,3
1505,2
1506,2
1507,3
1508,2
1509,2
1510,2
1511,2
1512,2
1513,2
1514,2
1515,2
1516,2
1517,3
1518,2
1519,2
1520,3
1521,2
1522,2
1523,3
1524,2
1525,2
1526,2
1527,3
1528,3
1529,3
1530,2
1531,2
1532,2
1533,2
1534,2
1535,2
1536,2
1537,2
1538,2
1539,2
1540,2
1541,3
1542,NA
1543,NA
1544,NA
1545,NA
1546,NA
1547,NA
1548,NA
1549,NA
1550,NA
1551,NA
1552,NA
1553,NA
1554,NA
1555,NA
1556,NA
1557,NA
1558,NA
1559,NA
1560,NA
1561,NA
1562,NA
1563,NA
1564,NA
1565,NA
1566,NA
1567,NA
1568,NA
1569,NA
1570,NA
1571,NA
1572,NA
1573,NA
1574,NA
1575,NA
1576,NA
1577,NA
1578,NA
1579,NA
1580,NA
1581,NA
1582,NA
1583,NA
1584,NA
1585,NA
1586,NA
1587,NA
1588,NA
1589,NA
1590,NA
1591,NA
1592,NA
1593,NA
1594,NA
1595,NA
1596,NA
1597,NA
1598,NA
1599,NA
1600,NA
1601,NA
1602,NA
1603,NA
1604,NA
1605,NA
1606,NA
1607,NA
1608,NA
1609,NA
1610,NA
1611,NA
1612,NA
1613,NA
1614,NA
1615,NA
1616,NA
1617,NA
1618,NA
1619,NA
1620,NA
1621,NA
1622,NA
1623,NA
1624,NA
1625,NA
1626,NA
1627,NA
1628,NA
1629,NA
1630,NA
1631,NA
1632,NA
1633,NA
1634,NA
1635,NA
1636,NA
1637,NA
1638,NA
1639,NA
1640,NA
1641,NA
1642,2
1643,2
1644,2
1645,2
1646,2
1647,2
1648,2
1649,2
1650,3
1651,2
1652,2
1653,2
1654,2
1655,2
1656,2
1657,3
1658,2
1659,3
1660,3
1661,2
1662,2
1663,2
1664,2
1665,2
1666,2
1667,3
1668,2
1669,2
1670,3
1671,2
1672,2
1673,1
1674,3
1675,2
1676,3
1677,2
1678,2
1679,1
1680,2
1681,2
1682,2
1683,2
1684,2
1685,3
1686,3
1687,3
1688,3
1689,3
1690,NA
1691,3
1692,2
1693,NA
1694,3
1695,2
1696,2
1697,2
1698,3
1699,2
1700,2
1701,2
1702,NA
1703,1
1704,2
1705,3
1706,3
1707,2
1708,2
1709,3
1710,3
1711,3
1712,2
1713,3
1714,2
1715,3
1716,2
1717,2
1718,2
1719,2
1720,2
1721,2
1722,1
1723,2
1724,1
1725,2
1726,2
1727,3
1728,2
1729,2
1730,2
1731,2
1732,2
1733,2
1734,3
1735,2
1736,2
1737,2
1738,2
1739,2
1740,2
1741,3
1742,2
1743,2
1744,1
1745,2
1746,2
1747,2
1748,2
1749,3
1750,2
1751,2
1752,2
1753,2
1754,2
1755,2
1756,3
1757,2
1758,2
1759,2
1760,2
1761,2
1762,2
1763,3
1764,3
1765,2
1766,2
1767,2
1768,1
1769,2
1770,2
1771,1
1772,2
1773,2
1774,2
1775,3
1776,3
1777,2
1778,2
1779,2
1780,1
1781,2
1782,2
1783,2
1784,2
1785,1
1786,2
1787,2
1788,3
1789,2
1790,1
1791,2
1792,3
1793,1
1794,2
1795,2
1796,3
1797,2
1798,3
1799,3
1800,2
1801,3
1802,2
1803,1
1804,2
1805,1
1806,2
1807,2
1808,3
1809,2
1810,2
1811,2
1812,2
1813,2
1814,2
1815,2
1816,2
1817,2
1818,2
1819,2
1820,2
1821,2
1822,2
1823,2
1824,2
1825,2
1826,2
1827,2
1828,2
1829,3
1830,2
1831,2
1832,3
1833,2
1834,1
1835,2
1836,2
1837,2
1838,2
1839,2
1840,2
1841,2
1842,3
1843,2
1844,2
1845,1
1846,2
1847,2
1848,3
1849,2
1850,2
1851,2
1852,2
1853,2
1854,3
1855,2
1856,2
1857,3
1858,2
1859,2
1860,3
1861,2
1862,1
1863,3
1864,3
1865,2
1866,2
1867,2
1868,2
1869,3
1870,3
1871,2
1872,2
1873,2
1874,2
1875,2
1876,2
1877,2
1878,2
1879,3
1880,2
1881,2
1882,2
1883,2
1884,2
1885,1
1886,3
1887,2
1888,3
1889,2
1890,2
1891,2
1892,2
1893,2
1894,1
1895,3
1896,2
1897,2
1898,2
1899,2
1900,2
1901,2
1902,2
1903,2
1904,3
1905,2
1906,2
1907,2
1908,2
1909,2
1910,3
1911,3
1912,2
1913,2
1914,2
1915,2
1916,2
1917,2
1918,1
1919,3
1920,3
1921,2
1922,3
1923,3
1924,2
1925,2
1926,2
1927,2
1928,2
1929,2
1930,2
1931,3
1932,2
1933,2
1934,2
1935,2
1936,2
1937,2
1938,2
1939,2
1940,2
1941,2
1942,3
1943,2
1944,2
1945,3
1946,2
1947,2
1948,2
1949,2
1950,2
1951,2
1952,2
1953,2
1954,2
1955,3
1956,2
1957,2
1958,2
1959,3
1960,2
1961,2
1962,2
1963,2
1964,2
1965,3
1966,2
1967,2
1968,2
1969,3
1970,2
1971,2
1972,2
1973,3
1974,3
1975,3
1976,2
1977,2
1978,2
1979,2
1980,3
1981,2
1982,2
1983,2
1984,2
1985,2
1986,3
1987,2
1988,2
1989,2
1990,2
1991,2
1992,2
1993,2
1994,2
1995,2
1996,2
1997,3
1998,3
1999,1
2000,2
2001,2
2002,3
2003,2
2004,2
2005,2
2006,1
2007,3
2008,2
2009,1
2010,2
2011,2
2012,2
2013,2
2014,2
2015,2
2016,2
2017,2
2018,2
2019,2
2020,2
2021,2
2022,3
2023,2
2024,3
2025,2
2026,2
2027,2
2028,2
2029,2
2030,1
2031,2
2032,3
2033,3
2034,3
2035,2
2036,3
2037,2
2038,3
2039,2
2040,2
2041,2
2042,2
2043,2
2044,2
2045,3
2046,2
2047,2
2048,3
2049,2
2050,2
2051,2
2052,2
2053,2
2054,3
2055,2
2056,2
2057,2
2058,2
2059,3
2060,2
2061,2
2062,3
2063,2
2064,3
2065,2
2066,2
2067,1
2068,2
2069,2
2070,1
2071,2
2072,3
2073,2
2074,2
2075,2
2076,3
2077,2
2078,3
2079,2
2080,2
2081,2
2082,2
2083,2
2084,2
2085,2
2086,2
2087,2
2088,1
2089,2
2090,NA
2091,3
2092,2
2093,3
2094,3
2095,1
2096,2
2097,2
2098,NA
2099,2
2100,2
2101,2
2102,2
2103,3
2104,2
2105,2
2106,2
2107,2
2108,2
2109,3
2110,2
2111,2
2112,2
2113,2
2114,2
2115,2
2116,2
2117,2
2118,2
2119,1
2120,2
2121,3
2122,2
2123,3
2124,2
2125,2
2126,3
2127,3
2128,2
2129,2
2130,2
2131,2
2132,3
2133,2
2134,2
2135,2
2136,2
2137,2
2138,3
2139,2
2140,2
2141,2
2142,NA
2143,1
2144,3
2145,2
2146,2
2147,2
2148,3
2149,2
2150,2
2151,NA
2152,2
2153,2
2154,2
2155,2
2156,2
2157,2
2158,2
2159,2
2160,2
2161,2
2162,2
2163,2
2164,3
2165,2
2166,2
2167,2
2168,3
2169,2
2170,2
2171,2
2172,2
2173,2
2174,3
2175,2
2176,3
2177,2
2178,NA
2179,2
2180,NA
2181,2
2182,2
2183,3
2184,2
2185,NA
2186,NA
2187,1
2188,2
2189,2
2190,2
2191,2
2192,NA
2193,2
2194,3
2195,NA
2196,2
2197,3
2198,NA
2199,2
2200,2
2201,1
2202,3
2203,NA
2204,1
2205,2
2206,2
2207,2
2208,2
2209,NA
2210,3
2211,2
2212,NA
2213,1
2214,2
2215,2
2216,NA
2217,2
2218,2
2219,2
2220,NA
2221,2
2222,2
2223,3
2224,3
2225,2
2226,2
2227,2
2228,1
2229,NA
2230,1
2231,2
2232,3
2233,NA
2234,2
2235,2
2236,2
2237,2
2238,2
2239,2
2240,2
2241,1
2242,2
2243,2
2244,2
2245,2
2246,1
2247,2
2248,2
2249,2
2250,3
2251,3
2252,2
2253,1
2254,1
2255,2
2256,2
2257,2
2258,2
2259,2
2260,3
2261,2
2262,1
2263,1
2264,3
2265,2
2266,1
2267,1
2268,3
2269,NA
2270,1
2271,3
2272,2
2273,2
2274,3
2275,2
2276,2
2277,1
2278,2
2279,2
2280,2
2281,1
2282,3
2283,1
2284,2
2285,2
2286,2
2287,1
2288,1
2289,1
2290,2
2291,2
2292,NA
2293,2
2294,2
2295,3
2296,1
2297,2
2298,1
2299,2
2300,2
2301,1
2302,1
2303,NA
2304,1
2305,2
2306,3
2307,NA
2308,2
2309,3
2310,2
2311,2
2312,2
2313,NA
2314,2
2315,2
2316,3
2317,NA
2318,3
2319,2
2320,2
2321,2
2322,3
2323,NA
2324,2
2325,2
2326,3
2327,2
2328,3
2329,2
2330,2
2331,NA
2332,NA
2333,2
2334,2
2335,3
2336,2
2337,2
2338,2
2339,3
2340,NA
2341,2
2342,2
2343,2
2344,NA
2345,NA
2346,2
2347,2
2348,NA
2349,3
2350,2
2351,2
2352,1
2353,NA
2354,3
2355,2
2356,3
2357,2
2358,3
2359,3
2360,3
2361,3
2362,2
2363,1
2364,NA
2365,2
2366,3
2367,NA
2368,1
2369,3
2370,2
2371,1
2372,2
2373,2
2374,1
2375,2
2376,2
2377,3
2378,2
2379,3
2380,3
2381,2
2382,3
2383,NA
2384,NA
2385,1
2386,3
2387,NA
2388,2
2389,2
2390,2
2391,3
2392,1
2393,NA
2394,NA
2395,2
2396,3
2397,NA
2398,NA
2399,2
2400,NA
2401,NA
2402,1
2403,2
2404,3
2405,1
2406,3
2407,1
2408,2
2409,2
2410,1
2411,2
2412,2
2413,NA
2414,NA
2415,2
2416,NA
2417,2
2418,2
2419,2
2420,1
2421,2
2422,2
2423,2
2424,2
2425,NA
2426,3
2427,NA
2428,3
2429,1
2430,NA
2431,NA
2432,NA
2433,3
2434,2
2435,NA
2436,NA
2437,3
2438,2
2439,3
2440,1
2441,3
2442,2
2443,1
2444,3
2445,2
2446,2
2447,NA
2448,1
2449,2
2450,3
2451,2
2452,3
2453,2
2454,1
2455,2
2456,NA
2457,3
2458,1
2459,2
2460,NA
2461,2
2462,3
2463,3
2464,2
2465,2
2466,1
2467,2
2468,3
2469,1
2470,2
2471,NA
2472,2
2473,NA
2474,1
2475,2
2476,2
2477,NA
2478,2
2479,NA
2480,2
2481,2
2482,2
2483,NA
2484,2
2485,3
2486,2
2487,1
2488,2
2489,2
2490,2
2491,2
2492,2
2493,NA
2494,3
2495,2
2496,2
2497,2
2498,2
2499,NA
2500,3
2501,2
2502,3
2503,NA
2504,NA
2505,2
2506,1
2507,1
2508,NA
2509,1
2510,NA
2511,3
2512,NA
2513,3
2514,1
2515,NA
2516,3
2517,1
2518,2
2519,2
2520,NA
2521,2
2522,NA
2523,2
2524,2
2525,NA
2526,2
2527,NA
2528,3
2529,3
2530,3
2531,2
2532,3
2533,1
2534,2
2535,1
2536,2
2537,2
2538,2
2539,2
2540,1
2541,2
2542,NA
2543,2
2544,2
2545,1
2546,3
2547,2
2548,2
2549,NA
2550,2
2551,2
2552,2
2553,1
2554,2
2555,2
2556,2
2557,2
2558,2
2559,2
2560,2
2561,NA
2562,NA
2563,2
2564,NA
2565,2
2566,2
2567,3
2568,2
2569,NA
2570,1
2571,NA
2572,2
2573,2
2574,3
2575,2
2576,NA
2577,2
2578,2
2579,3
2580,2
2581,2
2582,2
2583,2
2584,1
2585,NA
2586,2
2587,2
2588,2
2589,2
2590,2
2591,3
2592,2
2593,2
2594,2
2595,3
2596,NA
2597,2
2598,3
2599,2
2600,1
2601,3
2602,2
2603,1
2604,3
2605,3
2606,NA
2607,NA
2608,NA
2609,2
2610,2
2611,2
2612,2
2613,3
2614,2
2615,1
2616,2
2617,3
2618,2
2619,3
2620,3
2621,NA
2622,2
2623,3
2624,1
2625,2
2626,2
2627,NA
2628,3
2629,1
2630,2
2631,3
2632,NA
2633,2
2634,NA
2635,1
2636,2
2637,1
2638,NA
2639,NA
2640,2
2641,2
2642,3
2643,NA
2644,2
2645,3
2646,2
2647,2
2648,2
2649,2
2650,3
2651,3
2652,2
2653,2
2654,2
2655,1
2656,2
2657,2
2658,2
2659,2
2660,NA
2661,3
2662,2
2663,3
2664,3
2665,NA
2666,3
2667,2
2668,3
2669,3
2670,NA
2671,2
2672,2
2673,2
2674,2
2675,NA
2676,NA
2677,1
2678,NA
2679,NA
2680,3
2681,2
2682,2
2683,NA
2684,NA
2685,2
2686,2
2687,2
2688,3
2689,2
2690,NA
2691,3
2692,2
2693,2
2694,2
2695,3
2696,3
2697,NA
2698,NA
2699,2
2700,NA
2701,NA
2702,2
2703,NA
2704,2
2705,3
2706,2
2707,2
2708,3
2709,2
2710,3
2711,2
2712,NA
2713,NA
2714,3
2715,2
2716,NA
2717,2
2718,3
2719,2
2720,2
2721,2
2722,2
2723,NA
2724,3
2725,NA
2726,2
2727,2
2728,2
2729,3
2730,2
2731,1
2732,2
2733,2
2734,3
2735,2
2736,NA
2737,NA
2738,3
2739,1
2740,2
2741,NA
2742,2
2743,1
2744,2
2745,2
2746,1
2747,NA
2748,3
2749,NA
2750,2
2751,NA
2752,NA
2753,NA
2754,2
2755,3
2756,2
2757,2
2758,2
2759,2
2760,NA
2761,2
2762,1
2763,1
2764,2
2765,2
2766,3
2767,2
2768,2
2769,2
2770,3
2771,2
2772,NA
2773,NA
2774,3
2775,2
2776,1
2777,3
2778,2
2779,2
2780,2
2781,3
2782,2
2783,2
2784,3
2785,2
2786,2
2787,NA
2788,2
2789,2
2790,2
2791,3
2792,2
2793,2
2794,NA
2795,2
2796,2
2797,3
2798,NA
2799,2
2800,2
2801,2
2802,3
2803,2
2804,2
2805,NA
2806,2
2807,2
2808,NA
2809,NA
2810,2
2811,3
2812,2
2813,NA
2814,NA
2815,3
2816,NA
2817,2
2818,2
2819,NA
2820,2
2821,3
2822,2
2823,NA
2824,2
2825,2
2826,NA
2827,2
2828,NA
2829,1
2830,3
2831,3
2832,NA
2833,3
2834,2
2835,NA
2836,NA
2837,1
2838,NA
2839,1
2840,2
2841,2
2842,1
2843,2
2844,NA
2845,NA
2846,2
2847,2
2848,2
2849,2
2850,NA
2851,3
2852,NA
2853,3
2854,3
2855,NA
2856,NA
2857,NA
2858,2
2859,2
2860,3
2861,1
2862,2
2863,2
2864,3
2865,2
2866,NA
2867,2
2868,3
2869,2
2870,2
2871,1
2872,2
2873,2
2874,2
2875,2
2876,2
2877,2
2878,NA
2879,NA
2880,2
2881,2
2882,NA
2883,2
2884,2
2885,2
2886,2
2887,2
2888,3
2889,3
2890,3
2891,2
2892,NA
2893,1
2894,3
2895,NA
2896,2
2897,NA
2898,3
2899,2
2900,2
2901,2
2902,NA
2903,2
2904,3
2905,2
2906,NA
2907,2
2908,2
2909,NA
2910,2
2911,2
2912,NA
2913,NA
2914,3
2915,2
2916,2
2917,1
2918,2
2919,NA
2920,2
2921,NA
2922,2
2923,NA
2924,NA
2925,2
2926,3
2927,3
2928,2
2929,NA
2930,2
2931,2
2932,2
2933,2
2934,NA
2935,2
2936,2
2937,3
2938,3
2939,3
2940,2
2941,3
2942,2
2943,2
2944,NA
2945,2
2946,3
2947,3
2948,2
2949,3
2950,2
2951,2
2952,3
2953,2
2954,2
2955,3
2956,NA
2957,2
2958,1
2959,2
2960,NA
2961,NA
2962,NA
2963,2
2964,2
2965,NA
2966,3
2967,NA
2968,2
2969,2
2970,3
2971,3
2972,3
2973,NA
2974,NA
2975,NA
2976,3
2977,2
2978,2
2979,NA
2980,2
2981,2
2982,2
2983,2
2984,1
2985,2
2986,2
2987,2
2988,NA
2989,NA
2990,3
2991,2
2992,1
2993,2
2994,NA
2995,1
2996,NA
2997,2
2998,1
2999,3
3000,NA
3001,2
3002,NA
3003,NA
3004,NA
3005,3
3006,2
3007,NA
3008,2
3009,2
3010,3
3011,2
3012,3
3013,1
3014,2
3015,3
3016,3
3017,1
3018,2
3019,2
3020,NA
3021,NA
3022,1
3023,NA
3024,2
3025,3
3026,2
3027,NA
3028,2
3029,3
3030,NA
3031,2
3032,2
3033,2
3034,3
3035,3
3036,2
3037,2
3038,3
3039,1
3040,3
3041,NA
3042,2
3043,2
3044,2
3045,1
3046,2
3047,NA
3048,1
3049,3
3050,3
3051,3
3052,2
3053,NA
3054,1
3055,2
3056,3
3057,2
3058,2
3059,2
3060,3
3061,2
3062,1
3063,2
3064,2
3065,3
3066,1
3067,3
3068,1
3069,2
3070,3
3071,2
3072,2
3073,2
3074,2
3075,3
3076,2
3077,3
3078,3
3079,2
3080,2
3081,2
3082,2
3083,3
3084,2
3085,2
3086,2
3087,1
3088,2
3089,2
3090,2
3091,2
3092,1
3093,2
3094,2
3095,2
3096,2
3097,NA
3098,3
3099,3
3100,NA
3101,NA
3102,NA
3103,3
3104,NA
3105,NA
3106,3
3107,1
3108,3
3109,2
3110,3
3111,3
3112,2
3113,3
3114,2
3115,2
3116,NA
3117,2
3118,2
3119,2
3120,2
3121,2
3122,NA
3123,3
3124,3
3125,NA
3126,2
3127,NA
3128,NA
3129,3
3130,2
3131,1
3132,2
3133,NA
3134,2
3135,2
3136,NA
3137,3
3138,3
3139,NA
3140,1
3141,NA
3142,3
3143,3
3144,2
3145,2
3146,2
3147,1
3148,1
3149,NA
3150,2
3151,3
3152,NA
3153,NA
3154,2
3155,2
3156,1
3157,3
3158,NA
3159,2
3160,1
3161,NA
3162,2
3163,2
3164,3
3165,2
3166,NA
3167,1
3168,NA
3169,1
3170,2
3171,1
3172,NA
3173,NA
3174,NA
3175,2
3176,2
3177,3
3178,2
3179,2
3180,NA
3181,2
3182,2
3183,1
3184,3
3185,NA
3186,3
3187,2
3188,NA
3189,1
3190,NA
3191,NA
3192,2
3193,1
3194,NA
3195,3
3196,NA
3197,NA
3198,1
3199,3
3200,3
3201,NA
3202,1
3203,NA
3204,NA
3205,1
3206,3
3207,NA
3208,NA
3209,1
3210,NA
3211,2
3212,NA
3213,2
3214,NA
3215,2
3216,1
3217,NA
3218,2
3219,2
3220,NA
3221,2
3222,2
3223,2
3224,2
3225,NA
3226,2
3227,NA
3228,1
3229,1
3230,NA
3231,2
3232,2
3233,1
3234,2
3235,NA
3236,NA
3237,NA
3238,3
3239,2
3240,3
3241,2
3242,3
3243,3
3244,3
3245,3
3246,2
3247,3
3248,2
3249,1
3250,2
3251,3
3252,2
3253,2
3254,2
3255,3
3256,2
3257,2
3258,3
3259,3
3260,2
3261,3
3262,2
3263,2
3264,2
3265,2
3266,2
3267,3
3268,3
3269,3
3270,2
3271,3
3272,2
3273,2
3274,2
3275,2
3276,2
3277,3
3278,2
3279,3
3280,2
3281,2
3282,3
3283,3
3284,3
3285,3
3286,NA
3287,3
3288,3
3289,3
3290,3
3291,2
3292,3
3293,3
3294,3
3295,2
3296,3
3297,3
3298,3
3299,2
3300,2
3301,2
3302,3
3303,2
3304,2
3305,2
3306,3
3307,1
3308,3
3309,2
3310,2
3311,2
3312,2
3313,1
3314,3
3315,2
3316,2
3317,3
3318,3
3319,3
3320,3
3321,2
3322,2
3323,2
3324,3
3325,2
3326,2
3327,2
3328,1
3329,3
3330,2
3331,3
3332,NA
3333,3
3334,3
3335,2
3336,2
3337,3
3338,3
3339,2
3340,3
3341,3
3342,3
3343,2
3344,2
3345,2
3346,3
3347,2
3348,2
3349,2
3350,1
3351,3
3352,2
3353,2
3354,2
3355,2
3356,2
3357,2
3358,3
3359,2
3360,2
3361,3
3362,NA
3363,NA
3364,NA
3365,NA
3366,NA
3367,NA
3368,NA
3369,2
3370,2
3371,3
3372,3
3373,2
3374,3
3375,2
3376,3
3377,2
3378,2
3379,2
3380,2
3381,3
3382,2
3383,2
3384,NA
3385,NA
3386,NA
3387,NA
3388,NA
3389,NA
3390,NA
3391,NA
3392,NA
3393,NA
3394,NA
3395,NA
3396,NA
3397,NA
3398,NA
3399,NA
3400,NA
3401,NA
3402,NA
3403,NA
3404,NA
3405,NA
3406,NA
3407,NA
3408,NA
3409,NA
3410,NA
3411,NA
3412,NA
3413,NA
3414,NA
3415,NA
3416,NA
3417,NA
3418,3
3419,2
3420,3
3421,2
3422,1
3423,2
3424,2
3425,2
3426,2
3427,2
3428,2
3429,3
3430,3
3431,3
3432,2
3433,3
3434,2
3435,2
3436,2
3437,2
3438,2
3439,3
3440,NA
3441,2
3442,2
3443,2
3444,2
3445,2
3446,2
3447,2
3448,2
3449,3
3450,2
3451,3
3452,3
3453,2
3454,2
3455,NA
3456,NA
3457,2
3458,2
3459,2
3460,2
3461,2
3462,3
3463,2
3464,3
3465,2
3466,3
3467,2
3468,2
3469,2
3470,2
3471,2
3472,3
3473,2
3474,2
3475,2
3476,2
3477,2
3478,2
3479,2
3480,2
3481,2
3482,NA
3483,2
3484,2
3485,NA
3486,2
3487,3
3488,3
3489,3
3490,2
3491,2
3492,2
3493,2
3494,2
3495,1
3496,2
3497,2
3498,2
3499,2
3500,2
3501,3
3502,1
3503,2
3504,3
3505,3
3506,2
3507,2
3508,3
3509,3
3510,3
3511,3
3512,3
3513,3
3514,2
3515,2
3516,3
3517,2
3518,2
3519,2
3520,2
3521,2
3522,2
3523,2
3524,2
3525,1
3526,2
3527,2
3528,2
3529,2
3530,2
3531,2
3532,2
3533,1
3534,2
3535,2
3536,1
3537,2
3538,2
3539,2
3540,3
3541,1
3542,1
3543,2
3544,2
3545,2
3546,1
3547,2
3548,2
3549,2
3550,2
3551,1
3552,2
3553,2
3554,2
3555,2
3556,2
3557,3
3558,2
3559,2
3560,2
3561,3
3562,3
3563,2
3564,2
3565,2
3566,2
3567,2
3568,2
3569,2
3570,2
3571,3
3572,2
3573,2
3574,1
3575,2
3576,2
3577,3
3578,2
3579,2
3580,1
3581,2
3582,3
3583,3
3584,2
3585,1
3586,3
3587,2
3588,1
3589,2
3590,1
3591,2
3592,2
3593,2
3594,2
3595,1
3596,2
3597,2
3598,2
3599,2
3600,2
3601,2
3602,2
3603,2
3604,3
3605,2
3606,2
3607,2
3608,2
3609,1
3610,2
3611,3
3612,2
3613,2
3614,2
3615,3
3616,2
3617,3
3618,3
3619,3
3620,3
3621,2
3622,3
3623,3
3624,2
3625,2
3626,2
3627,2
3628,2
3629,2
3630,2
3631,2
3632,2
3633,2
3634,2
3635,1
3636,1
3637,2
3638,2
3639,2
3640,2
3641,2
3642,2
3643,2
3644,1
3645,1
3646,2
3647,1
3648,2
3649,2
3650,2
3651,2
3652,1
3653,3
3654,2
3655,2
3656,1
3657,2
3658,3
3659,2
3660,3
3661,3
3662,2
3663,2
3664,2
3665,2
3666,3
3667,2
3668,3
3669,2
3670,2
3671,2
3672,1
3673,1
3674,2
3675,2
3676,2
3677,3
3678,3
3679,2
3680,1
3681,2
3682,1
3683,2
3684,2
3685,2
3686,2
3687,2
3688,2
3689,2
3690,3
3691,2
3692,2
3693,2
3694,2
3695,3
3696,2
3697,2
3698,2
3699,2
3700,2
3701,2
3702,2
3703,2
3704,3
3705,1
3706,2
3707,2
3708,2
3709,3
3710,1
3711,3
3712,3
3713,2
3714,2
3715,2
3716,2
3717,2
3718,2
3719,2
3720,2
3721,2
3722,2
3723,2
3724,2
3725,2
3726,2
3727,1
3728,2
3729,2
3730,2
3731,2
3732,2
3733,2
3734,2
3735,2
3736,2
3737,3
3738,2
3739,3
3740,2
3741,2
3742,3
3743,1
3744,2
3745,2
3746,2
3747,3
3748,2
3749,3
3750,2
3751,3
3752,3
3753,2
3754,3
3755,3
3756,2
3757,2
3758,3
3759,2
3760,2
3761,2
3762,3
3763,3
3764,2
3765,2
3766,3
3767,2
3768,2
3769,2
3770,2
3771,1
3772,3
3773,2
3774,2
3775,2
3776,2
3777,2
3778,2
3779,2
3780,2
3781,2
3782,3
3783,1
3784,2
3785,2
3786,2
3787,2
3788,2
3789,2
3790,1
3791,2
3792,2
3793,2
3794,1
3795,2
3796,1
3797,2
3798,2
3799,1
3800,2
3801,2
3802,3
3803,2
3804,1
3805,2
3806,3
3807,2
3808,3
3809,2
3810,2
3811,2
3812,3
3813,2
3814,2
3815,2
3816,2
3817,1
3818,3
3819,2
3820,2
3821,2
3822,3
3823,3
3824,3
3825,3
3826,2
3827,3
3828,3
3829,3
3830,3
3831,3
3832,2
3833,2
3834,2
3835,3
3836,2
3837,2
3838,2
3839,2
3840,2
3841,2
3842,1
3843,2
3844,2
3845,3
3846,2
3847,2
3848,2
3849,2
3850,2
3851,2
3852,2
3853,2
3854,3
3855,2
3856,1
3857,3
3858,1
3859,2
3860,3
3861,2
3862,2
3863,2
3864,2
3865,2
3866,2
3867,2
3868,2
3869,3
3870,1
3871,2
3872,2
3873,2
3874,2
3875,3
3876,2
3877,2
3878,2
3879,2
3880,2
3881,2
3882,2
3883,1
3884,2
3885,1
3886,1
3887,2
3888,2
3889,3
3890,2
3891,3
3892,2
3893,2
3894,3
3895,2
3896,2
3897,3
3898,2
3899,2
3900,3
3901,1
3902,2
3903,2
3904,2
3905,2
3906,3
3907,2
3908,2
3909,2
3910,2
3911,2
3912,2
3913,2
3914,1
3915,1
3916,3
3917,2
3918,NA
3919,2
3920,2
3921,2
3922,3
3923,2
3924,2
3925,2
3926,2
3927,2
3928,2
3929,2
3930,2
3931,1
3932,2
3933,2
3934,3
3935,2
3936,3
3937,2
3938,3
3939,1
3940,2
3941,2
3942,2
3943,2
3944,2
3945,1
3946,2
3947,2
3948,2
3949,2
3950,2
3951,2
3952,2
3953,3
3954,2
3955,2
3956,2
3957,1
3958,2
3959,2
3960,3
3961,2
3962,2
3963,2
3964,1
3965,2
3966,2
3967,3
3968,3
3969,2
3970,3
3971,2
3972,1
3973,2
3974,2
3975,2
3976,2
3977,2
3978,2
3979,2
3980,1
3981,2
3982,2
3983,2
3984,1
3985,2
3986,2
3987,3
3988,NA
3989,2
3990,2
3991,2
3992,2
3993,2
3994,1
3995,3
3996,2
3997,2
3998,2
3999,2
4000,2
4001,2
4002,2
4003,2
4004,2
4005,2
4006,2
4007,2
4008,3
4009,2
4010,2
4011,2
4012,3
4013,2
4014,2
4015,2
4016,2
4017,3
4018,3
4019,2
4020,3
4021,1
4022,2
4023,2
4024,3
4025,2
4026,2
4027,3
4028,2
4029,3
4030,3
4031,2
4032,2
4033,2
4034,3
4035,2
4036,1
4037,2
4038,2
4039,2
4040,2
4041,1
4042,2
4043,2
4044,2
4045,2
4046,2
4047,2
4048,2
4049,1
4050,2
4051,2
4052,2
4053,2
4054,1
4055,2
4056,1
4057,3
4058,1
4059,1
4060,3
4061,1
4062,1
4063,2
4064,3
4065,2
4066,2
4067,2
4068,2
4069,2
4070,2
4071,2
4072,2
4073,2
4074,2
4075,2
4076,2
4077,2
4078,2
4079,2
4080,2
4081,2
4082,2
4083,2
4084,2
4085,2
4086,1
4087,1
4088,1
4089,2
4090,1
4091,2
4092,2
4093,2
4094,1
4095,3
4096,3
4097,2
4098,2
4099,2
4100,2
4101,2
4102,2
4103,2
4104,2
4105,2
4106,3
4107,2
4108,1
4109,2
4110,2
4111,2
4112,2
4113,2
4114,2
4115,2
4116,2
4117,2
4118,3
4119,2
4120,2
4121,2
4122,2
4123,1
4124,1
4125,2
4126,2
4127,2
4128,3
4129,3
4130,2
4131,2
4132,2
4133,3
4134,3
4135,2
4136,2
4137,2
4138,2
4139,1
4140,3
4141,2
4142,2
4143,2
4144,3
4145,2
4146,3
4147,2
4148,3
4149,3
4150,3
4151,NA
4152,2
4153,2
4154,2
4155,1
4156,2
4157,2
4158,NA
4159,3
4160,2
4161,2
4162,3
4163,2
4164,2
4165,2
4166,1
4167,1
4168,3
4169,2
4170,2
4171,2
4172,2
4173,2
4174,3
4175,3
4176,2
4177,2
4178,3
4179,2
4180,2
4181,1
4182,2
4183,1
4184,2
4185,2
4186,2
4187,1
4188,2
4189,2
4190,2
4191,2
4192,2
4193,2
4194,2
4195,2
4196,3
4197,2
4198,1
4199,2
4200,2
4201,3
4202,3
4203,2
4204,2
4205,1
4206,3
4207,3
4208,3
4209,2
4210,2
4211,3
4212,3
4213,3
4214,2
4215,2
4216,3
4217,3
4218,3
4219,2
4220,2
4221,2
4222,2
4223,2
4224,2
4225,2
4226,3
4227,2
4228,2
4229,3
4230,2
4231,2
4232,2
4233,3
4234,2
4235,2
4236,3
4237,3
4238,2
4239,2
4240,2
4241,2
4242,3
4243,3
4244,2
4245,2
4246,2
4247,2
4248,2
4249,2
4250,3
4251,2
4252,2
4253,2
4254,2
4255,2
4256,3
4257,1
4258,2
4259,2
4260,3
4261,1
4262,3
4263,2
4264,2
4265,2
4266,NA
4267,2
4268,3
4269,3
4270,3
4271,3
4272,2
4273,2
4274,2
4275,2
4276,2
4277,3
4278,2
4279,2
4280,2
4281,2
4282,3
4283,2
4284,2
4285,2
4286,2
4287,3
4288,2
4289,2
4290,2
4291,2
4292,2
4293,2
4294,3
4295,3
4296,2
4297,2
4298,2
4299,2
4300,2
4301,3
4302,3
4303,2
4304,2
4305,1
4306,2
4307,3
4308,2
4309,3
4310,2
4311,2
4312,2
4313,2
4314,2
4315,2
4316,1
4317,1
4318,3
4319,3
4320,3
4321,2
4322,3
4323,2
4324,2
4325,2
4326,2
4327,1
4328,1
4329,2
4330,2
4331,2
4332,3
4333,1
4334,2
4335,3
4336,3
4337,2
4338,NA
4339,NA
4340,NA
4341,NA
4342,NA
4343,NA
4344,NA
4345,NA
4346,NA
4347,NA
4348,NA
4349,NA
4350,NA
4351,NA
4352,NA
4353,NA
4354,NA
4355,NA
4356,NA
4357,NA
4358,NA
4359,NA
4360,NA
4361,NA
4362,NA
4363,NA
4364,NA
4365,NA
4366,NA
4367,NA
4368,NA
4369,NA
4370,NA
4371,NA
4372,NA
4373,NA
4374,NA
4375,NA
4376,NA
4377,NA
4378,NA
4379,NA
4380,NA
4381,NA
4382,NA
4383,NA
4384,NA
4385,NA
4386,NA
4387,NA
4388,NA
4389,NA
4390,NA
4391,NA
4392,NA
4393,NA
4394,NA
4395,NA
4396,NA
4397,NA
4398,NA
4399,NA
4400,NA
4401,NA
4402,NA
4403,NA
4404,NA
4405,NA
4406,NA
4407,NA
4408,NA
4409,NA
4410,NA
4411,NA
4412,NA
4413,NA
4414,NA
4415,NA
4416,NA
4417,NA
4418,NA
4419,NA
4420,NA
4421,NA
4422,NA
4423,NA
4424,NA
4425,NA
4426,NA
4427,NA
4428,NA
4429,NA
4430,NA
4431,NA
4432,NA
4433,NA
4434,NA
4435,NA
4436,NA
4437,NA
4438,NA
4439,NA
4440,NA
4441,NA
4442,NA
4443,NA
4444,NA
4445,NA
4446,NA
4447,NA
4448,NA
4449,NA
4450,NA
4451,NA
4452,NA
4453,NA
4454,NA
4455,NA
4456,NA
4457,NA
4458,NA
4459,NA
4460,NA
4461,NA
4462,NA
4463,NA
4464,NA
4465,NA
4466,NA
4467,NA
4468,NA
4469,NA
4470,NA
4471,NA
4472,NA
4473,NA
4474,NA
4475,NA
4476,NA
4477,NA
4478,NA
4479,NA
4480,NA
4481,NA
4482,NA
4483,NA
4484,NA
4485,NA
4486,NA
4487,NA
4488,NA
4489,NA
4490,NA
4491,NA
4492,NA
4493,NA
4494,NA
4495,NA
4496,NA
4497,NA
4498,NA
4499,NA
4500,NA
4501,NA
4502,NA
4503,NA
4504,NA
4505,NA
4506,NA
4507,NA
4508,NA
4509,NA
4510,NA
4511,NA
4512,NA
4513,NA
4514,NA
4515,NA
4516,NA
4517,2
4518,2
4519,2
4520,2
4521,2
4522,2
4523,2
4524,2
4525,2
4526,2
4527,NA
4528,2
4529,2
4530,2
4531,2
4532,2
4533,2
4534,2
4535,3
4536,2
4537,2
4538,2
4539,3
4540,3
4541,3
4542,2
4543,2
4544,2
4545,NA
4546,2
4547,2
4548,2
4549,2
4550,2
4551,2
4552,3
4553,2
4554,2
4555,2
4556,2
4557,2
4558,2
4559,2
4560,NA
4561,1
4562,1
4563,3
4564,2
4565,NA
4566,3
4567,3
4568,2
4569,2
4570,2
4571,2
4572,3
4573,2
4574,2
4575,NA
4576,3
4577,2
4578,1
4579,2
4580,2
4581,2
4582,2
4583,2
4584,2
4585,2
4586,3
4587,2
4588,2
4589,2
4590,2
4591,2
4592,2
4593,2
4594,2
4595,2
4596,NA
4597,2
4598,2
4599,2
4600,2
4601,2
4602,2
4603,2
4604,2
4605,NA
4606,2
4607,2
4608,2
4609,1
4610,2
4611,2
4612,2
4613,3
4614,2
4615,2
4616,2
4617,2
4618,2
4619,3
4620,2
4621,3
4622,3
4623,3
4624,3
4625,3
4626,2
4627,2
4628,2
4629,2
4630,2
4631,2
4632,2
4633,3
4634,2
4635,2
4636,2
4637,3
4638,1
4639,2
4640,2
4641,2
4642,3
4643,2
4644,3
4645,3
4646,3
4647,2
4648,2
4649,2
4650,2
4651,2
4652,2
4653,2
4654,3
4655,2
4656,NA
4657,2
4658,2
4659,3
4660,2
4661,3
4662,2
4663,3
4664,3
4665,3
4666,2
4667,2
4668,3
4669,1
4670,3
4671,3
4672,2
4673,2
4674,NA
4675,NA
4676,NA
4677,NA
4678,NA
4679,NA
4680,NA
4681,NA
4682,NA
4683,NA
4684,NA
4685,NA
4686,NA
4687,NA
4688,NA
4689,NA
4690,NA
4691,NA
4692,NA
4693,NA
4694,NA
4695,NA
4696,NA
4697,NA
4698,NA
4699,NA
4700,NA
4701,NA
4702,NA
4703,NA
4704,NA
4705,NA
4706,NA
4707,NA
4708,NA
4709,NA
4710,NA
4711,NA
4712,NA
4713,NA
4714,NA
4715,NA
4716,NA
4717,NA
4718,NA
4719,NA
4720,NA
4721,NA
4722,NA
4723,NA
4724,NA
4725,NA
4726,NA
4727,NA
4728,NA
4729,NA
4730,NA
4731,NA
4732,NA
4733,NA
4734,NA
4735,NA
4736,NA
4737,NA
4738,NA
4739,NA
4740,NA
4741,NA
4742,NA
4743,NA
4744,NA
4745,NA
4746,NA
4747,NA
4748,NA
4749,NA
4750,NA
4751,NA
4752,NA
4753,NA
4754,NA
4755,NA
4756,NA
4757,NA
4758,NA
4759,NA
4760,NA
4761,NA
4762,NA
4763,NA
4764,NA
4765,NA
4766,NA
4767,NA
4768,NA
4769,NA
4770,NA
4771,NA
4772,NA
4773,NA
4774,NA
4775,NA
4776,NA
4777,NA
4778,NA
4779,NA
4780,NA
4781,NA
4782,NA
4783,NA
4784,NA
4785,NA
4786,NA
4787,NA
4788,NA
4789,NA
4790,NA
4791,NA
4792,NA
4793,NA
4794,NA
4795,NA
4796,NA
4797,NA
4798,NA
4799,NA
4800,NA
4801,NA
4802,NA
4803,NA
4804,NA
4805,NA
4806,NA
4807,NA
4808,NA
4809,NA
4810,NA
4811,NA
4812,NA
4813,NA
4814,NA
4815,NA
4816,NA
4817,NA
4818,NA
4819,NA
4820,NA
4821,NA
4822,NA
4823,NA
4824,NA
4825,NA
4826,NA
4827,NA
4828,NA
4829,NA
4830,NA
4831,NA
4832,NA
4833,NA
4834,NA
4835,NA
4836,NA
4837,NA
4838,NA
4839,NA
4840,NA
4841,NA
4842,NA
4843,NA
4844,NA
4845,NA
4846,NA
4847,NA
4848,NA
4849,NA
4850,NA
4851,NA
4852,NA
4853,NA
4854,NA
4855,NA
4856,NA
4857,NA
4858,NA
4859,NA
4860,NA
4861,NA
4862,NA
4863,NA
4864,NA
4865,NA
4866,NA
4867,NA
4868,NA
4869,NA
4870,NA
4871,NA
4872,NA
4873,NA
4874,NA
4875,NA
4876,NA
4877,NA
4878,NA
4879,NA
4880,NA
4881,NA
4882,NA
4883,NA
4884,NA
4885,NA
4886,NA
4887,NA
4888,NA
4889,NA
4890,NA
4891,NA
4892,NA
4893,NA
4894,NA
4895,NA
4896,2
4897,2
4898,2
4899,2
4900,2
4901,2
4902,2
4903,3
4904,2
4905,3
4906,2
4907,2
4908,2
4909,2
4910,2
4911,2
4912,2
4913,2
4914,2
4915,2
4916,2
4917,2
4918,2
4919,2
4920,2
4921,2
4922,2
4923,2
4924,2
4925,2
4926,2
4927,2
4928,2
4929,2
4930,2
4931,2
4932,2
4933,2
4934,3
4935,2
4936,2
4937,2
4938,2
4939,3
4940,2
4941,2
4942,2
4943,NA
4944,2
4945,2
4946,2
4947,1
4948,2
4949,2
4950,3
4951,2
4952,2
4953,2
4954,2
4955,2
4956,2
4957,2
4958,2
4959,3
4960,1
4961,2
4962,2
4963,2
4964,2
4965,2
4966,2
4967,3
4968,2
4969,2
4970,2
4971,2
4972,3
4973,3
4974,3
4975,2
4976,2
4977,2
4978,2
4979,3
4980,3
4981,2
4982,2
4983,3
4984,3
4985,3
4986,NA
4987,3
4988,2
4989,3
4990,2
4991,2
4992,NA
4993,2
4994,2
4995,3
4996,3
4997,3
4998,3
4999,3
5000,3
5001,2
5002,2
5003,2
5004,2
5005,2
5006,2
5007,2
5008,2
5009,2
5010,3
5011,3
5012,2
5013,3
5014,2
5015,2
5016,2
5017,2
5018,2
5019,2
5020,2
5021,2
5022,2
5023,2
5024,2
5025,2
5026,2
5027,2
5028,2
5029,3
5030,3
5031,3
5032,2
5033,2
5034,2
5035,2
5036,3
5037,2
5038,2
5039,2
5040,2
5041,2
5042,2
5043,2
5044,2
5045,2
5046,2
5047,2
5048,2
5049,2
5050,2
5051,2
5052,3
5053,3
5054,2
5055,3
5056,2
5057,2
5058,2
5059,2
5060,2
5061,2
5062,2
5063,2
5064,2
5065,2
5066,2
5067,3
5068,2
5069,3
5070,2
5071,2
5072,2
5073,2
5074,2
5075,3
5076,3
5077,2
5078,2
5079,2
5080,2
5081,2
5082,2
5083,2
5084,2
5085,2
5086,2
5087,2
5088,2
5089,2
5090,2
5091,3
5092,2
5093,3
5094,3
5095,2
5096,2
5097,2
5098,2
5099,2
5100,3
5101,2
5102,2
5103,2
5104,2
5105,2
5106,2
5107,2
5108,2
5109,2
5110,2
5111,1
5112,2
5113,2
5114,NA
5115,3
5116,2
5117,2
5118,2
5119,2
5120,2
5121,2
5122,2
5123,3
5124,2
5125,2
5126,2
5127,2
5128,NA
5129,2
5130,2
5131,2
5132,2
5133,2
5134,3
5135,2
5136,2
5137,2
5138,2
5139,2
5140,2
5141,2
5142,2
5143,2
5144,2
5145,2
5146,2
5147,2
5148,3
5149,2
5150,2
5151,2
5152,2
5153,2
5154,2
5155,3
5156,NA
5157,3
5158,2
5159,2
5160,NA
5161,2
5162,2
5163,2
5164,2
5165,3
5166,2
5167,2
5168,2
5169,2
5170,2
5171,2
5172,2
5173,2
5174,2
5175,2
5176,3
5177,2
5178,3
5179,2
5180,2
5181,2
5182,2
5183,2
5184,2
5185,NA
5186,NA
5187,2
5188,2
5189,2
5190,2
5191,2
5192,2
5193,3
5194,2
5195,2
5196,2
5197,2
5198,2
5199,2
5200,3
5201,3
5202,2
5203,2
5204,2
5205,2
5206,NA
5207,3
5208,2
5209,2
5210,2
5211,2
5212,2
5213,2
5214,2
5215,2
5216,2
5217,2
5218,2
5219,2
5220,2
5221,3
5222,2
5223,2
5224,2
5225,2
5226,2
5227,2
5228,2
5229,2
5230,NA
5231,2
5232,2
5233,2
5234,2
5235,NA
5236,2
5237,2
5238,2
5239,2
5240,2
5241,2
5242,2
5243,2
5244,2
5245,2
5246,2
5247,2
5248,NA
5249,2
5250,2
5251,2
5252,2
5253,3
5254,2
5255,2
5256,2
5257,2
5258,NA
5259,2
5260,2
5261,3
5262,3
5263,2
5264,2
5265,2
5266,2
5267,2
5268,2
5269,2
5270,3
5271,2
5272,2
5273,2
5274,2
5275,2
5276,2
5277,2
5278,2
5279,3
5280,2
5281,2
5282,2
5283,3
5284,2
5285,2
5286,2
5287,3
5288,2
5289,2
5290,2
5291,2
5292,2
5293,3
5294,2
5295,2
5296,2
5297,3
5298,2
5299,2
5300,3
5301,2
5302,2
5303,2
5304,2
5305,2
5306,1
5307,2
5308,3
5309,2
5310,2
5311,2
5312,2
5313,NA
5314,2
5315,2
5316,2
5317,2
5318,2
5319,2
5320,2
5321,2
5322,2
5323,2
5324,3
5325,2
5326,2
5327,2
5328,2
5329,2
5330,3
5331,3
5332,2
5333,3
5334,3
5335,3
5336,2
5337,3
5338,2
5339,2
5340,3
5341,3
5342,2
5343,2
5344,2
5345,2
5346,3
5347,2
5348,2
5349,2
5350,2
5351,2
5352,2
5353,2
5354,2
5355,2
5356,2
5357,2
5358,2
5359,2
5360,2
5361,2
5362,2
5363,2
5364,2
5365,2
5366,2
5367,2
5368,2
5369,2
5370,2
5371,2
5372,2
5373,2
5374,2
5375,2
5376,2
5377,2
5378,2
5379,2
5380,3
5381,2
5382,2
5383,2
5384,2
5385,3
5386,2
5387,2
5388,2
5389,2
5390,2
5391,2
5392,2
5393,3
5394,2
5395,2
5396,2
5397,2
5398,2
5399,3
5400,2
5401,2
5402,2
5403,NA
5404,2
5405,2
5406,2
5407,2
5408,2
5409,2
5410,2
5411,2
5412,2
5413,2
5414,2
5415,2
5416,2
5417,2
5418,2
5419,2
5420,2
5421,2
5422,2
5423,2
5424,2
5425,2
5426,2
5427,2
5428,2
5429,2
5430,2
5431,2
5432,1
5433,2
5434,2
5435,2
5436,2
5437,2
5438,2
5439,2
5440,3
5441,2
5442,1
5443,3
5444,2
5445,2
5446,2
5447,3
5448,3
5449,1
5450,3
5451,2
5452,1
5453,3
5454,NA
5455,3
5456,3
5457,3
5458,3
5459,2
5460,2
5461,2
5462,2
5463,2
5464,2
5465,2
5466,2
5467,2
5468,2
5469,2
5470,2
5471,3
5472,2
5473,2
5474,2
5475,2
5476,2
5477,3
5478,2
5479,1
5480,2
5481,NA
5482,2
5483,3
5484,2
5485,2
5486,2
5487,3
5488,3
5489,NA
5490,3
5491,3
5492,2
5493,2
5494,2
5495,2
5496,2
5497,2
5498,2
5499,2
5500,2
5501,2
5502,2
5503,3
5504,2
5505,2
5506,2
5507,2
5508,2
5509,2
5510,2
5511,2
5512,2
5513,NA
5514,2
5515,3
5516,2
5517,3
5518,2
5519,2
5520,2
5521,3
5522,2
5523,2
5524,3
5525,1
5526,2
5527,2
5528,2
5529,2
5530,2
5531,2
5532,3
5533,2
5534,1
5535,2
5536,2
5537,3
5538,2
5539,2
5540,2
5541,2
5542,1
5543,2
5544,2
5545,3
5546,2
5547,NA
5548,1
5549,1
5550,3
5551,1
5552,2
5553,3
5554,3
5555,2
5556,2
5557,2
5558,2
5559,2
5560,2
5561,2
5562,1
5563,3
5564,3
5565,NA
5566,1
5567,2
5568,2
5569,2
5570,2
5571,2
5572,3
5573,2
5574,1
5575,3
5576,3
5577,3
5578,NA
5579,3
5580,2
5581,1
5582,1
5583,2
5584,1
5585,2
5586,3
5587,3
5588,2
5589,3
5590,2
5591,2
5592,2
5593,2
5594,1
5595,3
5596,2
5597,2
5598,1
5599,2
5600,2
5601,2
5602,3
5603,3
5604,3
5605,3
5606,2
5607,2
5608,2
5609,2
5610,2
5611,3
5612,2
5613,1
5614,2
5615,2
5616,2
5617,2
5618,1
5619,2
5620,3
5621,2
5622,3
5623,3
5624,2
5625,NA
5626,2
5627,1
5628,2
5629,2
5630,2
5631,2
5632,NA
5633,2
5634,3
5635,2
5636,1
5637,2
5638,3
5639,2
5640,3
5641,2
5642,2
5643,2
5644,2
5645,3
5646,2
5647,3
5648,2
5649,2
5650,2
5651,3
5652,3
5653,3
5654,2
5655,2
5656,3
5657,3
5658,2
5659,1
5660,1
5661,2
5662,2
5663,2
5664,2
5665,NA
5666,2
5667,2
5668,2
5669,1
5670,2
5671,3
5672,1
5673,3
5674,2
5675,2
5676,1
5677,2
5678,2
5679,3
5680,2
5681,3
5682,3
5683,2
5684,2
5685,2
5686,2
5687,2
5688,2
5689,1
5690,2
5691,1
5692,3
5693,2
5694,3
5695,3
5696,3
5697,2
5698,3
5699,2
5700,3
5701,3
5702,3
5703,2
5704,2
5705,2
5706,2
5707,2
5708,2
5709,1
5710,2
5711,2
5712,2
5713,1
5714,3
5715,3
5716,1
5717,2
5718,2
5719,2
5720,3
5721,2
5722,2
5723,3
5724,2
5725,3
5726,2
5727,3
5728,3
5729,2
5730,2
5731,3
5732,2
5733,2
5734,2
5735,2
5736,1
5737,3
5738,2
5739,1
5740,3
5741,3
5742,3
5743,2
5744,3
5745,2
5746,2
5747,2
5748,2
5749,2
5750,2
5751,3
5752,2
5753,3
5754,3
5755,2
5756,3
5757,3
5758,3
5759,3
5760,2
5761,1
5762,3
5763,2
5764,2
5765,3
5766,2
5767,2
5768,2
5769,2
5770,2
5771,3
5772,2
5773,2
5774,2
5775,2
5776,3
5777,1
5778,3
5779,2
5780,1
5781,3
5782,2
5783,3
5784,3
5785,1
5786,1
5787,1
5788,1
5789,1
5790,1
5791,1
5792,1
5793,NA
5794,1
5795,1
5796,1
5797,1
5798,1
5799,2
5800,1
5801,1
5802,1
5803,1
5804,1
5805,1
5806,1
5807,1
5808,1
5809,1
5810,1
5811,1
5812,1
5813,1
5814,1
5815,1
5816,1
5817,1
5818,1
5819,1
5820,1
5821,1
5822,1
5823,1
5824,1
5825,1
5826,1
5827,1
5828,1
5829,1
5830,1
5831,NA
5832,1
5833,1
5834,1
5835,1
5836,1
5837,1
5838,1
5839,1
5840,1
5841,1
5842,1
5843,1
5844,1
5845,1
5846,1
5847,1
5848,1
5849,NA
5850,1
5851,1
5852,1
5853,1
5854,1
5855,1
5856,1
5857,1
5858,1
5859,2
5860,1
5861,1
5862,1
5863,1
5864,1
5865,1
5866,2
5867,2
5868,1
5869,1
5870,1
5871,2
5872,1
5873,NA
5874,1
5875,2
5876,2
5877,1
5878,2
5879,1
5880,2
5881,1
5882,2
5883,2
5884,2
5885,2
5886,2
5887,2
5888,2
5889,3
5890,2
5891,2
5892,3
5893,2
5894,2
5895,2
5896,2
5897,3
5898,2
5899,2
5900,1
5901,2
5902,1
5903,2
5904,1
5905,1
5906,1
5907,1
5908,1
5909,2
5910,2
5911,1
5912,NA
5913,3
5914,2
5915,1
5916,1
5917,2
5918,1
5919,2
5920,2
5921,2
5922,2
5923,2
5924,1
5925,3
5926,2
5927,2
5928,3
5929,3
5930,3
5931,2
5932,3
5933,2
5934,3
5935,3
5936,3
5937,2
5938,2
5939,2
5940,2
5941,2
5942,2
5943,1
5944,3
5945,1
5946,1
5947,2
5948,1
5949,1
5950,1
5951,2
5952,2
5953,2
5954,1
5955,1
5956,2
5957,3
5958,2
5959,2
5960,NA
5961,2
5962,1
5963,2
5964,2
5965,2
5966,1
5967,1
5968,2
5969,3
5970,3
5971,2
5972,3
5973,3
5974,3
5975,3
5976,2
5977,2
5978,1
5979,2
5980,2
5981,1
5982,2
5983,3
5984,3
5985,3
5986,2
5987,1
5988,3
5989,NA
5990,2
5991,2
5992,3
5993,2
5994,2
5995,2
5996,1
5997,1
5998,2
5999,2
6000,1
6001,2
6002,2
6003,2
6004,1
6005,3
6006,2
6007,1
6008,2
6009,2
6010,2
6011,2
6012,2
6013,3
6014,2
6015,2
6016,1
6017,1
6018,2
6019,2
6020,2
6021,1
6022,1
6023,1
6024,1
6025,2
6026,2
6027,3
6028,2
6029,3
6030,2
6031,1
6032,1
6033,NA
6034,2
6035,1
6036,2
6037,1
6038,2
6039,2
6040,1
6041,2
6042,2
6043,2
6044,2
6045,3
6046,1
6047,2
6048,3
6049,2
6050,2
6051,2
6052,2
6053,2
6054,2
6055,2
6056,2
6057,2
6058,3
6059,1
6060,2
6061,2
6062,2
6063,2
6064,2
6065,2
6066,3
6067,2
6068,2
6069,2
6070,1
6071,2
6072,1
6073,2
6074,2
6075,1
6076,1
6077,3
6078,1
6079,3
6080,3
6081,1
6082,2
6083,2
6084,2
6085,1
6086,2
6087,1
6088,2
6089,1
6090,1
6091,2
6092,3
6093,2
6094,1
6095,2
6096,2
6097,2
6098,3
6099,2
6100,2
6101,2
6102,3
6103,2
6104,3
6105,2
6106,2
6107,3
6108,2
6109,2
6110,2
6111,1
6112,2
6113,1
6114,2
6115,2
6116,2
6117,1
6118,1
6119,2
6120,1
6121,2
6122,2
6123,1
6124,3
6125,1
6126,1
6127,1
6128,1
6129,1
6130,2
6131,2
6132,1
6133,2
6134,2
6135,2
6136,2
6137,2
6138,1
6139,1
6140,3
6141,2
6142,1
6143,1
6144,2
6145,1
6146,2
6147,2
6148,2
6149,2
6150,2
6151,3
6152,2
6153,3
6154,3
6155,3
6156,1
6157,2
6158,2
6159,2
6160,NA
6161,2
6162,3
6163,2
6164,2
6165,2
6166,1
6167,2
6168,2
6169,3
6170,NA
6171,2
6172,2
6173,1
6174,2
6175,2
6176,2
6177,2
6178,3
6179,2
6180,2
6181,1
6182,2
6183,2
6184,2
6185,2
6186,1
6187,3
6188,2
6189,2
6190,2
6191,2
6192,2
6193,3
6194,1
6195,2
6196,3
6197,1
6198,2
6199,2
6200,3
6201,2
6202,3
6203,2
6204,1
6205,3
6206,2
6207,2
6208,2
6209,1
6210,1
6211,3
6212,1
6213,1
6214,2
6215,2
6216,3
6217,2
6218,2
6219,1
6220,2
6221,2
6222,2
6223,3
6224,2
6225,3
6226,2
6227,3
6228,2
6229,2
6230,1
6231,2
6232,2
6233,2
6234,1
6235,2
6236,2
6237,2
6238,3
6239,2
6240,2
6241,1
6242,2
6243,2
6244,2
6245,1
6246,2
6247,2
6248,2
6249,2
6250,2
6251,3
6252,2
6253,2
6254,2
6255,2
6256,2
6257,3
6258,1
6259,1
6260,2
6261,1
6262,2
6263,2
6264,2
6265,2
6266,2
6267,3
6268,3
6269,3
6270,3
6271,3
6272,3
6273,2
6274,1
6275,3
6276,2
6277,2
6278,1
6279,2
6280,2
6281,2
6282,1
6283,3
6284,2
6285,2
6286,2
6287,NA
6288,2
6289,3
6290,1
6291,3
6292,1
6293,1
6294,2
6295,2
6296,2
6297,2
6298,3
6299,2
6300,2
6301,2
6302,2
6303,2
6304,2
6305,3
6306,2
6307,1
6308,2
6309,2
6310,2
6311,2
6312,3
6313,1
6314,2
6315,1
6316,2
6317,2
6318,1
6319,2
6320,2
6321,2
6322,2
6323,3
6324,3
6325,2
6326,2
6327,2
6328,2
6329,1
6330,2
6331,2
6332,1
6333,1
6334,2
6335,1
6336,1
6337,1
6338,1
6339,1
6340,2
6341,2
6342,2
6343,1
6344,1
6345,1
6346,NA
6347,2
6348,1
6349,1
6350,1
6351,1
6352,3
6353,1
6354,2
6355,2
6356,2
6357,2
6358,2
6359,3
6360,3
6361,2
6362,2
6363,2
6364,NA
6365,NA
6366,3
6367,2
6368,3
6369,2
6370,2
6371,1
6372,1
6373,2
6374,3
6375,2
6376,2
6377,2
6378,2
6379,1
6380,2
6381,1
6382,1
6383,2
6384,1
6385,1
6386,2
6387,3
6388,2
6389,2
6390,2
6391,1
6392,3
6393,2
6394,2
6395,1
6396,1
6397,3
6398,1
6399,2
6400,2
6401,3
6402,3
6403,2
6404,2
6405,1
6406,2
6407,3
6408,2
6409,3
6410,3
6411,2
6412,1
6413,1
6414,2
6415,2
6416,2
6417,2
6418,3
6419,2
6420,1
6421,1
6422,3
6423,2
6424,2
6425,3
6426,1
6427,2
6428,1
6429,2
6430,2
6431,3
6432,2
6433,3
6434,1
6435,2
6436,2
6437,2
6438,2
6439,2
6440,2
6441,3
6442,2
6443,1
6444,1
6445,1
6446,2
6447,2
6448,3
6449,3
6450,1
6451,NA
6452,1
6453,2
6454,3
6455,2
6456,2
6457,3
6458,2
6459,2
6460,2
6461,2
6462,2
6463,3
6464,2
6465,2
6466,NA
6467,3
6468,2
6469,3
6470,2
6471,1
6472,2
6473,2
6474,3
6475,1
6476,1
6477,1
6478,2
6479,2
6480,2
6481,2
6482,2
6483,2
6484,3
6485,2
6486,1
6487,3
6488,3
6489,1
6490,2
6491,2
6492,3
6493,3
6494,2
6495,1
6496,2
6497,1
6498,2
6499,2
6500,NA
6501,2
6502,3
6503,1
6504,3
6505,2
6506,2
6507,3
6508,2
6509,2
6510,1
6511,2
6512,1
6513,1
6514,2
6515,3
6516,2
6517,1
6518,1
6519,1
6520,2
6521,1
6522,NA
6523,NA
6524,2
6525,3
6526,NA
6527,1
6528,1
6529,2
6530,NA
6531,1
6532,2
6533,3
6534,3
6535,2
6536,2
6537,2
6538,3
6539,2
6540,2
6541,2
6542,3
6543,NA
6544,2
6545,NA
6546,3
6547,2
6548,1
6549,2
6550,3
6551,NA
6552,2
6553,3
6554,2
6555,2
6556,3
6557,3
6558,1
6559,3
6560,2
6561,2
6562,2
6563,2
6564,3
6565,2
6566,3
6567,2
6568,2
6569,2
6570,3
6571,2
6572,3
6573,2
6574,1
6575,3
6576,3
6577,3
6578,2
6579,3
6580,3
6581,2
6582,3
6583,NA
6584,2
6585,3
6586,2
6587,2
6588,NA
6589,3
6590,2
6591,3
6592,3
6593,3
6594,2
6595,2
6596,2
6597,3
6598,3
6599,3
6600,3
6601,3
6602,2
6603,3
6604,2
6605,2
6606,2
6607,3
6608,3
6609,2
6610,2
6611,3
6612,2
6613,2
6614,2
6615,3
6616,3
6617,3
6618,3
6619,2
6620,1
6621,3
6622,3
6623,2
6624,2
6625,3
6626,2
6627,3
6628,3
6629,2
6630,3
6631,3
6632,2
6633,2
6634,2
6635,2
6636,2
6637,2
6638,3
6639,2
6640,2
6641,3
6642,NA
6643,3
6644,3
6645,3
6646,2
6647,2
6648,3
6649,2
6650,2
6651,3
6652,3
6653,3
6654,2
6655,2
6656,3
6657,3
6658,2
6659,3
6660,2
6661,2
6662,2
6663,2
6664,3
6665,3
6666,1
6667,3
6668,2
6669,2
6670,1
6671,2
6672,3
6673,2
6674,3
6675,3
6676,2
6677,2
6678,3
6679,3
6680,2
6681,3
6682,2
6683,NA
6684,3
6685,3
6686,3
6687,NA
6688,3
6689,2
6690,2
6691,3
6692,3
6693,2
6694,2
6695,2
6696,3
6697,3
6698,2
6699,3
6700,2
6701,3
6702,2
6703,3
6704,2
6705,3
6706,2
6707,2
6708,2
6709,2
6710,1
6711,3
6712,2
6713,2
6714,2
6715,2
6716,3
6717,3
6718,2
6719,3
6720,2
6721,3
6722,2
6723,2
6724,1
6725,2
6726,2
6727,2
6728,2
6729,2
6730,2
6731,2
6732,2
6733,2
6734,3
6735,2
6736,3
6737,1
6738,2
6739,2
6740,2
6741,3
6742,2
6743,3
6744,2
6745,3
6746,2
6747,1
6748,2
6749,2
6750,2
6751,2
6752,2
6753,2
6754,2
6755,2
6756,3
6757,3
6758,3
6759,3
6760,3
6761,NA
6762,NA
6763,NA
6764,NA
6765,NA
6766,NA
6767,1
6768,NA
6769,NA
6770,NA
6771,NA
6772,NA
6773,NA
6774,NA
6775,NA
6776,NA
6777,NA
6778,NA
6779,NA
6780,NA
6781,NA
6782,NA
6783,NA
6784,NA
6785,NA
6786,NA
6787,NA
6788,NA
6789,NA
6790,NA
6791,NA
6792,NA
6793,NA
6794,NA
6795,NA
6796,NA
6797,NA
6798,NA
6799,NA
6800,NA
6801,NA
6802,NA
6803,NA
6804,NA
6805,NA
6806,NA
6807,NA
6808,NA
6809,NA
6810,NA
6811,NA
6812,NA
6813,NA
6814,NA
6815,NA
6816,NA
6817,NA
6818,NA
6819,NA
6820,NA
6821,NA
6822,NA
6823,NA
6824,NA
6825,NA
6826,NA
6827,NA
6828,NA
6829,NA
6830,3
6831,2
6832,2
6833,2
6834,3
6835,NA
6836,3
6837,3
6838,3
6839,2
6840,3
6841,3
6842,3
6843,2
6844,3
6845,3
6846,2
6847,3
6848,3
6849,2
6850,2
6851,3
6852,2
6853,3
6854,2
6855,2
6856,3
6857,3
6858,3
6859,2
6860,3
6861,2
6862,3
6863,3
6864,2
6865,3
6866,3
6867,3
6868,2
6869,3
6870,3
6871,2
6872,3
6873,3
6874,2
6875,3
6876,3
6877,3
6878,3
6879,2
6880,3
6881,2
6882,2
6883,2
6884,3
6885,2
6886,3
6887,3
6888,3
6889,3
6890,3
6891,3
6892,3
6893,3
6894,3
6895,2
6896,2
6897,2
6898,2
6899,2
6900,2
6901,2
6902,3
6903,3
6904,2
6905,2
6906,2
6907,3
6908,2
6909,3
6910,3
6911,2
6912,2
6913,2
6914,2
6915,2
6916,3
6917,3
6918,2
6919,2
6920,3
6921,3
6922,3
6923,1
6924,3
6925,3
6926,3
6927,2
6928,3
6929,2
6930,3
6931,3
6932,3
6933,2
6934,3
6935,3
6936,3
6937,3
6938,2
6939,1
6940,1
6941,2
6942,2
6943,2
6944,2
6945,3
6946,2
6947,2
6948,3
6949,3
6950,2
6951,3
6952,2
6953,3
6954,2
6955,2
6956,2
6957,2
6958,2
6959,3
6960,3
6961,2
6962,2
6963,2
6964,3
6965,NA
6966,NA
6967,NA
6968,NA
6969,NA
6970,NA
6971,NA
6972,NA
6973,NA
6974,NA
6975,NA
6976,NA
6977,NA
6978,NA
6979,NA
6980,NA
6981,NA
6982,NA
6983,NA
6984,NA
6985,NA
6986,NA
6987,2
6988,NA
6989,NA
6990,NA
6991,NA
6992,NA
6993,NA
6994,NA
6995,NA
6996,NA
6997,NA
6998,NA
6999,NA
7000,NA
7001,NA
7002,NA
7003,NA
7004,NA
7005,NA
7006,NA
7007,NA
7008,NA
7009,NA
7010,NA
7011,NA
7012,NA
7013,NA
7014,NA
7015,NA
7016,NA
7017,NA
7018,3
7019,3
7020,2
7021,3
7022,2
7023,3
7024,3
7025,2
7026,3
7027,NA
7028,2
7029,3
7030,2
7031,3
7032,3
7033,3
7034,2
7035,2
7036,2
7037,3
7038,2
7039,2
7040,3
7041,2
7042,2
7043,2
7044,2
7045,2
7046,3
7047,3
7048,2
7049,2
7050,3
7051,2
7052,2
7053,2
7054,2
7055,3
7056,2
7057,2
7058,2
7059,2
7060,2
7061,2
7062,2
7063,2
7064,2
7065,2
7066,2
7067,2
7068,2
7069,2
7070,2
7071,2
7072,3
7073,2
7074,3
7075,2
7076,2
7077,2
7078,3
7079,2
7080,3
7081,2
7082,2
7083,3
7084,3
7085,3
7086,2
7087,1
7088,3
7089,2
7090,3
7091,2
7092,3
7093,2
7094,3
7095,2
7096,2
7097,3
7098,1
7099,2
7100,3
7101,2
7102,2
7103,2
7104,1
7105,3
7106,2
7107,3
7108,3
7109,3
7110,3
7111,2
7112,2
7113,2
7114,3
7115,3
7116,3
7117,3
7118,2
7119,1
7120,3
7121,3
7122,3
7123,3
7124,2
7125,2
7126,2
7127,2
7128,2
7129,2
7130,2
7131,3
7132,1
7133,3
7134,3
7135,2
7136,3
7137,2
7138,3
7139,3
7140,2
7141,2
7142,2
7143,3
7144,2
7145,3
7146,2
7147,3
7148,3
7149,2
7150,2
7151,3
7152,3
7153,3
7154,3
7155,3
7156,3
7157,3
7158,3
7159,3
7160,3
7161,2
7162,3
7163,2
7164,1
7165,3
7166,2
7167,2
7168,3
7169,2
7170,3
7171,2
7172,3
7173,2
7174,2
7175,3
7176,2
7177,3
7178,2
7179,3
7180,3
7181,2
7182,3
7183,2
7184,3
7185,2
7186,2
7187,2
7188,3
7189,2
7190,1
7191,3
7192,3
7193,2
7194,1
7195,2
7196,3
7197,2
7198,3
7199,2
7200,3
7201,3
7202,2
7203,3
7204,2
7205,2
7206,3
7207,2
7208,2
7209,2
7210,2
7211,2
7212,2
7213,3
7214,2
7215,2
7216,2
7217,2
7218,2
7219,2
7220,2
7221,3
7222,3
7223,3
7224,2
7225,3
7226,3
7227,2
7228,1
7229,3
7230,3
7231,2
7232,2
7233,3
7234,2
7235,2
7236,2
7237,2
7238,2
7239,2
7240,3
7241,2
7242,2
7243,3
7244,3
7245,2
7246,3
7247,3
7248,2
7249,2
7250,2
7251,2
7252,3
7253,3
7254,3
7255,2
7256,2
7257,2
7258,2
7259,3
7260,2
7261,2
7262,2
7263,3
7264,3
7265,2
7266,2
7267,2
7268,3
7269,3
7270,3
7271,2
7272,3
7273,2
7274,3
7275,2
7276,2
7277,2
7278,1
7279,2
7280,3
7281,3
7282,3
7283,2
7284,2
7285,2
7286,3
7287,2
7288,2
7289,3
7290,2
7291,1
7292,1
7293,1
7294,1
7295,1
7296,1
7297,1
7298,1
7299,1
7300,1
7301,1
7302,1
7303,1
7304,1
7305,1
7306,1
7307,1
7308,1
7309,1
7310,1
7311,1
7312,1
7313,1
7314,1
7315,1
7316,1
7317,1
7318,1
7319,1
7320,1
7321,1
7322,1
7323,1
7324,1
7325,1
7326,1
7327,1
7328,1
7329,1
7330,1
7331,1
7332,1
7333,1
7334,1
7335,1
7336,1
7337,1
7338,1
7339,1
7340,1
7341,1
7342,1
7343,1
7344,1
7345,1
7346,1
7347,1
7348,1
7349,1
7350,1
7351,1
7352,1
7353,1
7354,1
7355,1
7356,1
7357,1
7358,1
7359,1
7360,1
7361,1
7362,1
7363,1
7364,1
7365,1
7366,1
7367,1
7368,1
7369,1
7370,1
7371,1
7372,1
7373,1
7374,1
7375,1
7376,1
7377,1
7378,1
7379,1
7380,1
7381,1
7382,1
7383,1
7384,1
7385,1
7386,1
7387,1
7388,1
7389,1
7390,1
7391,1
7392,1
7393,1
7394,1
7395,1
7396,1
7397,1
7398,1
7399,1
7400,1
7401,1
7402,1
7403,1
7404,1
7405,1
7406,1
7407,1
7408,1
7409,1
7410,1
7411,1
7412,1
7413,1
7414,1
7415,1
7416,1
7417,1
7418,1
7419,1
7420,1
7421,1
7422,1
7423,1
7424,1
7425,1
7426,1
7427,1
7428,1
7429,1
7430,1
7431,1
7432,1
7433,1
7434,1
7435,1
7436,1
7437,1
7438,1
7439,1
7440,1
7441,1
7442,1
7443,1
7444,1
7445,1
7446,1
7447,1
7448,1
7449,1
7450,1
7451,1
7452,1
7453,1
7454,1
7455,1
7456,1
7457,1
7458,1
7459,1
7460,1
7461,1
7462,1
7463,1
7464,1
7465,1
7466,1
7467,1
7468,1
7469,1
7470,1
7471,1
7472,1
7473,1
7474,1
7475,1
7476,1
7477,1
7478,1
7479,1
7480,1
7481,1
7482,1
7483,1
7484,1
7485,1
7486,1
7487,1
7488,1
7489,1
7490,1
7491,1
7492,1
7493,1
7494,1
7495,1
7496,1
7497,1
7498,1
7499,1
7500,1
7501,1
7502,1
7503,1
7504,1
7505,1
7506,1
7507,1
7508,1
7509,1
7510,1
7511,1
7512,1
7513,1
7514,1
7515,1
7516,1
7517,1
7518,1
7519,1
7520,1
7521,1
7522,1
7523,1
7524,1
7525,1
7526,1
7527,1
7528,1
7529,1
7530,1
7531,1
7532,1
7533,1
7534,1
7535,1
7536,1
7537,1
7538,1
7539,1
7540,1
7541,1
7542,1
7543,1
7544,1
7545,1
7546,1
7547,1
7548,1
7549,1
7550,1
7551,1
7552,1
7553,1
7554,1
7555,1
7556,1
7557,1
7558,1
7559,1
7560,1
7561,1
7562,1
7563,1
7564,1
7565,1
7566,1
7567,1
7568,1
7569,1
7570,1
7571,1
7572,1
7573,1
7574,1
7575,1
7576,1
7577,1
7578,1
7579,1
7580,1
7581,1
7582,1
7583,1
7584,1
7585,1
7586,1
7587,1
7588,1
7589,1
7590,1
7591,1
7592,1
7593,1
7594,1
7595,1
7596,1
7597,1
7598,1
7599,1
7600,1
7601,1
7602,1
7603,1
7604,1
7605,1
7606,1
7607,1
7608,1
7609,1
7610,1
7611,1
7612,1
7613,1
7614,1
7615,1
7616,1
7617,1
7618,1
7619,1
7620,1
7621,1
7622,1
7623,1
7624,1
7625,1
7626,1
7627,1
7628,1
7629,1
7630,1
7631,1
7632,1
7633,1
7634,1
7635,1
7636,1
7637,1
7638,1
7639,1
7640,1
7641,1
7642,1
7643,1
7644,1
7645,1
7646,1
7647,1
7648,1
7649,1
7650,1
7651,1
7652,1
7653,1
7654,1
7655,1
7656,1
7657,1
7658,1
7659,1
7660,1
7661,1
7662,1
7663,1
7664,1
7665,1
7666,1
7667,1
7668,1
7669,1
7670,1
7671,1
7672,1
7673,1
7674,1
7675,1
7676,1
7677,1
7678,1
7679,1
7680,1
7681,1
7682,1
7683,1
7684,1
7685,1
7686,1
7687,1
7688,1
7689,1
7690,1
7691,1
7692,1
7693,1
7694,1
7695,1
7696,1
7697,1
7698,1
7699,1
7700,1
7701,1
7702,1
7703,1
7704,1
7705,1
7706,1
7707,1
7708,1
7709,1
7710,1
7711,1
7712,1
7713,1
7714,1
7715,1
7716,1
7717,1
7718,1
7719,1
7720,1
7721,1
7722,1
7723,1
7724,1
7725,1
7726,1
7727,1
7728,1
7729,1
7730,1
7731,1
7732,1
7733,1
7734,1
7735,1
7736,1
7737,1
7738,1
7739,1
7740,1
7741,1
7742,1
7743,1
7744,1
7745,1
7746,1
7747,1
7748,1
7749,1
7750,1
7751,1
7752,1
7753,1
7754,1
7755,1
7756,1
7757,1
7758,1
7759,1
7760,1
7761,1
7762,1
7763,1
7764,1
7765,1
7766,1
7767,1
7768,1
7769,1
7770,1
7771,1
7772,1
7773,1
7774,1
7775,1
7776,1
7777,1
7778,1
7779,1
7780,1
7781,1
7782,1
7783,1
7784,1
7785,1
7786,1
7787,1
7788,1
7789,1
7790,1
7791,1
7792,1
7793,1
7794,1
7795,1
7796,1
7797,1
7798,1
7799,1
7800,1
7801,1
7802,1
7803,1
7804,1
7805,1
7806,1
7807,1
7808,1
7809,1
7810,1
7811,1
7812,1
7813,1
7814,1
7815,1
7816,1
7817,1
7818,1
7819,1
7820,1
7821,1
7822,1
7823,1
7824,1
7825,1
7826,1
7827,1
7828,1
7829,1
7830,1
7831,1
7832,1
7833,1
7834,1
7835,1
7836,1
7837,1
7838,1
7839,1
7840,1
7841,1
7842,1
7843,1
7844,1
7845,1
7846,1
7847,1
7848,1
7849,1
7850,1
7851,1
7852,1
7853,1
7854,1
7855,1
7856,1
7857,1
7858,1
7859,1
7860,1
7861,1
7862,1
7863,1
7864,1
7865,1
7866,1
7867,1
7868,1
7869,1
7870,1
7871,1
7872,1
7873,1
7874,1
7875,1
7876,1
7877,1
7878,1
7879,1
7880,1
7881,1
7882,1
7883,1
7884,1
7885,1
7886,1
7887,1
7888,1
7889,1
7890,1
7891,1
7892,1
7893,1
7894,1
7895,1
7896,1
7897,1
7898,1
7899,1
7900,1
7901,1
7902,1
7903,1
7904,1
7905,1
7906,1
7907,1
7908,1
7909,1
7910,1
7911,1
7912,1
7913,1
7914,1
7915,1
7916,1
7917,1
7918,1
7919,1
7920,1
7921,1
7922,1
7923,1
7924,1
7925,1
7926,1
7927,1
7928,1
7929,1
7930,1
7931,1
7932,1
7933,1
7934,1
7935,1
7936,1
7937,1
7938,1
7939,1
7940,1
7941,1
7942,1
7943,1
7944,1
7945,1
7946,1
7947,1
7948,1
7949,1
7950,1
7951,1
7952,1
7953,1
7954,1
7955,1
7956,1
7957,1
7958,1
7959,1
7960,1
7961,1
7962,1
7963,1
7964,1
7965,1
7966,1
7967,1
7968,1
7969,1
7970,1
7971,1
7972,1
7973,1
7974,1
7975,1
7976,1
7977,1
7978,1
7979,1
7980,1
7981,1
7982,1
7983,1
7984,1
7985,1
7986,1
7987,1
7988,1
7989,1
7990,1
7991,1
7992,1
7993,1
7994,1
7995,1
7996,1
7997,1
7998,1
7999,1
8000,1
8001,1
8002,1
8003,1
8004,1
8005,1
8006,1
8007,1
8008,1
8009,1
8010,1
8011,1
8012,1
8013,1
8014,1
8015,1
8016,1
8017,1
8018,1
8019,1
8020,1
8021,1
8022,1
8023,1
8024,1
8025,1
8026,1
8027,1
8028,1
8029,1
8030,1
8031,1
8032,1
8033,1
8034,1
8035,1
8036,1
8037,1
8038,1
8039,1
8040,1
8041,1
8042,1
8043,1
8044,1
8045,1
8046,1
8047,1
8048,1
8049,1
8050,1
8051,1
8052,1
8053,1
8054,1
8055,1
8056,1
8057,1
8058,1
8059,1
8060,1
8061,1
8062,1
8063,1
8064,1
8065,1
8066,1
8067,1
8068,1
8069,1
8070,1
8071,1
8072,1
8073,1
8074,1
8075,1
8076,1
8077,1
8078,1
8079,1
8080,1
8081,1
8082,1
8083,1
8084,1
8085,1
8086,1
8087,1
8088,1
8089,1
8090,1
8091,1
8092,1
8093,1
8094,1
8095,1
8096,1
8097,1
8098,1
8099,1
8100,1
8101,1
8102,1
8103,1
8104,1
8105,1
8106,1
8107,1
8108,1
8109,1
8110,1
8111,1
8112,1
8113,1
8114,1
8115,1
8116,1
8117,1
8118,1
8119,1
8120,1
8121,1
8122,1
8123,1
8124,1
8125,1
8126,1
8127,1
8128,1
8129,1
8130,1
8131,1
8132,1
8133,1
8134,1
8135,1
8136,1
8137,1
8138,1
8139,1
8140,1
8141,1
8142,1
8143,1
8144,1
8145,1
8146,1
8147,1
8148,1
8149,1
8150,1
8151,1
8152,1
8153,1
8154,1
8155,1
8156,1
8157,1
8158,1
8159,1
8160,1
8161,1
8162,1
8163,1
8164,1
8165,1
8166,1
8167,1
8168,1
8169,1
8170,1
8171,1
8172,1
8173,1
8174,1
8175,1
8176,1
8177,1
8178,1
8179,1
8180,1
8181,1
8182,1
8183,1
8184,1
8185,1
8186,1
8187,1
8188,1
8189,1
8190,1
8191,1
8192,1
8193,1
8194,1
8195,1
8196,1
8197,1
8198,1
8199,1
8200,1
8201,1
8202,1
8203,1
8204,1
8205,1
8206,1
8207,1
8208,1
8209,1
8210,1
8211,1
8212,1
8213,1
8214,1
8215,1
8216,1
8217,1
8218,1
8219,1
8220,1
8221,1
8222,1
8223,1
8224,1
8225,1
8226,1
8227,1
8228,1
8229,1
8230,1
8231,1
8232,1
8233,1
8234,1
8235,1
8236,1
8237,1
8238,1
8239,1
8240,1
8241,1
8242,1
8243,1
8244,1
8245,1
8246,1
8247,1
8248,1
8249,1
8250,1
8251,1
8252,1
8253,1
8254,1
8255,1
8256,1
8257,1
8258,1
8259,1
8260,1
8261,1
8262,1
8263,1
8264,1
8265,1
8266,1
8267,1
8268,1
8269,1
8270,1
8271,1
8272,1
8273,1
8274,1
8275,1
8276,1
8277,1
8278,1
8279,1
8280,1
8281,1
8282,1
8283,1
8284,1
8285,1
8286,1
8287,1
8288,1
8289,1
8290,1
8291,1
8292,1
8293,1
8294,1
8295,1
8296,1
8297,1
8298,1
8299,1
8300,1
8301,1
8302,1
8303,1
8304,1
8305,1
8306,1
8307,1
8308,1
8309,1
8310,1
8311,1
8312,1
8313,1
8314,1
8315,1
8316,1
8317,1
8318,1
8319,1
8320,1
8321,1
8322,1
8323,1
8324,1
8325,1
8326,1
8327,1
8328,1
8329,1
8330,1
8331,1
8332,1
8333,1
8334,1
8335,1
8336,1
8337,1
8338,1
8339,1
8340,1
8341,1
8342,1
8343,1
8344,1
8345,1
8346,1
8347,1
8348,1
8349,1
8350,1
8351,1
8352,1
8353,1
8354,1
8355,1
8356,1
8357,1
8358,1
8359,1
8360,1
8361,1
8362,1
8363,1
8364,1
8365,1
8366,1
8367,1
8368,1
8369,1
8370,1
8371,1
8372,1
8373,1
8374,1
8375,1
8376,1
8377,1
8378,1
8379,1
8380,1
8381,1
8382,1
8383,1
8384,1
8385,1
8386,1
8387,1
8388,1
8389,1
8390,1
8391,1
8392,1
8393,1
8394,1
8395,1
8396,1
8397,1
8398,1
8399,1
8400,1
8401,1
8402,1
8403,1
8404,1
8405,1
8406,1
8407,1
8408,1
8409,1
8410,1
8411,1
8412,1
8413,1
8414,1
8415,1
8416,1
8417,1
8418,1
8419,1
8420,1
8421,1
8422,1
8423,1
8424,1
8425,1
8426,1
8427,1
8428,1
8429,1
8430,1
8431,1
8432,1
8433,1
8434,1
8435,1
8436,1
8437,1
8438,1
8439,1
8440,1
8441,1
8442,1
8443,1
8444,1
8445,1
8446,1
8447,1
8448,1
8449,1
8450,1
8451,1
8452,1
8453,1
8454,1
8455,1
8456,1
8457,1
8458,1
8459,1
8460,1
8461,1
8462,1
8463,1
8464,1
8465,1
8466,1
8467,1
8468,1
8469,1
8470,1
8471,1
8472,1
8473,1
8474,1
8475,1
8476,1
8477,1
8478,1
8479,1
8480,1
8481,1
8482,1
8483,1
8484,1
8485,1
8486,1
8487,1
8488,1
8489,1
8490,1
8491,1
8492,1
8493,1
8494,1
8495,1
8496,1
8497,1
8498,1
8499,1
8500,1
8501,1
8502,1
8503,1
8504,1
8505,1
8506,1
8507,1
8508,1
8509,1
8510,1
8511,1
8512,1
8513,1
8514,1
8515,1
8516,1
8517,1
8518,1
8519,1
8520,1
8521,1
8522,1
8523,1
8524,1
8525,1
8526,1
8527,1
8528,1
8529,1
8530,1
8531,1
8532,1
8533,1
8534,1
8535,1
8536,1
8537,1
8538,1
8539,1
8540,1
8541,1
8542,1
8543,1
8544,1
8545,1
8546,1
8547,1
8548,1
8549,1
8550,1
8551,1
8552,1
8553,1
8554,1
8555,1
8556,1
8557,1
8558,1
8559,1
8560,1
8561,1
8562,1
8563,1
8564,1
8565,1
8566,1
8567,1
8568,1
8569,1
8570,1
8571,1
8572,1
8573,1
8574,1
8575,1
8576,1
8577,1
8578,1
8579,1
8580,1
8581,1
8582,1
8583,1
8584,1
8585,1
8586,1
8587,1
8588,1
8589,1
8590,1
8591,1
8592,1
8593,1
8594,1
8595,1
8596,1
8597,1
8598,1
8599,1
8600,1
8601,1
8602,1
8603,1
8604,1
8605,1
8606,1
8607,1
8608,1
8609,1
8610,1
8611,1
8612,1
8613,1
8614,1
8615,1
8616,1
8617,1
8618,1
8619,1
8620,1
8621,1
8622,1
8623,1
8624,1
8625,1
8626,1
8627,1
8628,1
8629,1
8630,1
8631,1
8632,1
8633,1
8634,1
8635,1
8636,1
8637,1
8638,1
8639,1
8640,1
8641,1
8642,1
8643,1
8644,1
8645,1
8646,1
8647,1
8648,1
8649,1
8650,1
8651,1
8652,1
8653,1
8654,1
8655,1
8656,1
8657,1
8658,1
8659,1
8660,1
8661,1
8662,1
8663,1
8664,1
8665,1
8666,1
8667,1
8668,1
8669,1
8670,1
8671,1
8672,1
8673,1
8674,1
8675,1
8676,1
8677,1
8678,1
8679,1
8680,1
8681,1
8682,1
8683,1
8684,1
8685,1
8686,1
8687,1
8688,1
8689,1
8690,1
8691,1
8692,1
8693,1
8694,1
8695,1
8696,1
8697,1
8698,1
8699,1
8700,1
8701,1
8702,1
8703,1
8704,1
8705,1
8706,1
8707,1
8708,1
8709,1
8710,1
8711,1
8712,1
8713,1
8714,1
8715,1
8716,1
8717,1
8718,1
8719,1
8720,1
8721,1
8722,1
8723,1
8724,1
8725,1
8726,1
