1,2
2,2
3,2
4,2
5,1
6,1
7,3
8,2
9,3
10,3
11,2
12,2
13,2
14,2
15,2
16,2
17,2
18,2
19,2
20,2
21,2
22,2
23,2
24,2
25,2
26,2
27,2
28,2
29,2
30,2
31,2
32,2
33,2
34,2
35,2
36,2
37,2
38,2
39,2
40,2
41,2
42,2
43,2
44,2
45,2
46,2
47,2
48,2
49,2
50,2
51,2
52,2
53,2
54,2
55,2
56,2
57,2
58,2
59,2
60,2
61,2
62,2
63,2
64,2
65,2
66,2
67,2
68,2
69,2
70,2
71,2
72,2
73,2
74,2
75,2
76,2
77,2
78,2
79,2
80,2
81,2
82,2
83,2
84,2
85,2
86,2
87,2
88,2
89,2
90,2
91,2
92,2
93,2
94,2
95,2
96,2
97,2
98,2
99,2
100,2
101,2
102,2
103,2
104,2
105,2
106,2
107,2
108,2
109,2
110,2
111,2
112,2
113,2
114,2
115,2
116,2
117,2
118,2
119,2
120,2
121,2
122,2
123,2
124,2
125,2
126,2
127,2
128,2
129,2
130,2
131,2
132,2
133,2
134,2
135,2
136,2
137,2
138,2
139,2
140,2
141,2
142,2
143,2
144,2
145,2
146,2
147,2
148,2
149,2
150,2
151,2
152,2
153,2
154,2
155,2
156,2
157,2
158,2
159,2
160,2
161,2
162,2
163,2
164,2
165,2
166,2
167,2
168,2
169,2
170,2
171,2
172,2
173,2
174,2
175,2
176,2
177,2
178,2
179,2
180,2
181,2
182,2
183,2
184,2
185,2
186,2
187,2
188,2
189,2
190,2
191,2
192,2
193,2
194,2
195,2
196,2
197,2
198,2
199,2
200,2
201,2
202,2
203,2
204,2
205,2
206,2
207,2
208,1
209,1
210,1
211,1
212,1
213,1
214,1
215,1
216,1
217,1
218,1
219,1
220,1
221,1
222,1
223,1
224,1
225,1
226,1
227,1
228,1
229,1
230,1
231,1
232,1
233,1
234,1
235,1
236,1
237,1
238,1
239,1
240,1
241,1
242,1
243,1
244,1
245,1
246,1
247,1
248,1
249,1
250,1
251,1
252,1
253,1
254,1
255,1
256,1
257,1
258,1
259,1
260,1
261,1
262,1
263,1
264,1
265,1
266,1
267,1
268,1
269,1
270,1
271,1
272,1
273,1
274,1
275,1
276,1
277,1
278,1
279,1
280,1
281,1
282,1
283,1
284,1
285,1
286,1
287,1
288,1
289,1
290,1
291,1
292,1
293,1
294,1
295,NA
296,NA
297,NA
298,3
299,3
300,2
301,2
302,3
303,3
304,3
305,4
306,3
307,3
308,3
309,3
310,4
311,3
312,3
313,3
314,3
315,4
316,4
317,4
318,3
319,3
320,3
321,3
322,3
323,2
324,3
325,3
326,4
327,3
328,3
329,3
330,3
331,3
332,3
333,3
334,4
335,3
336,3
337,3
338,3
339,3
340,3
341,3
342,3
343,2
344,3
345,3
346,2
347,3
348,3
349,3
350,4
351,4
352,2
353,3
354,3
355,3
356,3
357,4
358,3
359,NA
360,3
361,2
362,3
363,4
364,3
365,3
366,2
367,3
368,3
369,3
370,3
371,3
372,3
373,3
374,3
375,4
376,3
377,2
378,4
379,3
380,2
381,3
382,3
383,NA
384,3
385,4
386,3
387,3
388,3
389,3
390,3
391,3
392,3
393,3
394,3
395,3
396,3
397,3
398,3
399,3
400,3
401,3
402,3
403,3
404,3
405,3
406,3
407,4
408,3
409,4
410,3
411,4
412,3
413,3
414,4
415,3
416,3
417,3
418,3
419,4
420,3
421,3
422,3
423,4
424,4
425,3
426,3
427,3
428,3
429,3
430,2
431,2
432,3
433,2
434,3
435,3
436,3
437,3
438,3
439,4
440,3
441,3
442,3
443,4
444,3
445,3
446,3
447,3
448,3
449,3
450,3
451,3
452,2
453,3
454,3
455,3
456,4
457,3
458,3
459,3
460,3
461,3
462,3
463,3
464,3
465,3
466,3
467,3
468,3
469,3
470,3
471,3
472,3
473,2
474,3
475,3
476,4
477,3
478,4
479,3
480,3
481,3
482,3
483,3
484,3
485,2
486,4
487,3
488,3
489,3
490,3
491,3
492,3
493,3
494,3
495,4
496,3
497,3
498,3
499,3
500,4
501,3
502,3
503,3
504,3
505,3
506,3
507,4
508,3
509,3
510,3
511,3
512,3
513,3
514,3
515,2
516,NA
517,3
518,3
519,3
520,3
521,3
522,4
523,4
524,3
525,3
526,3
527,NA
528,NA
529,4
530,3
531,NA
532,3
533,4
534,3
535,3
536,4
537,3
538,3
539,3
540,2
541,3
542,3
543,3
544,3
545,3
546,3
547,3
548,3
549,4
550,2
551,4
552,3
553,3
554,3
555,3
556,3
557,3
558,4
559,3
560,2
561,4
562,3
563,4
564,3
565,3
566,3
567,3
568,3
569,4
570,3
571,4
572,3
573,NA
574,3
575,3
576,3
577,3
578,3
579,4
580,3
581,3
582,3
583,3
584,3
585,3
586,3
587,3
588,3
589,3
590,NA
591,2
592,3
593,3
594,4
595,3
596,3
597,3
598,4
599,3
600,3
601,4
602,3
603,3
604,3
605,2
606,4
607,3
608,3
609,3
610,3
611,3
612,4
613,4
614,4
615,3
616,3
617,3
618,3
619,2
620,3
621,3
622,3
623,3
624,3
625,3
626,3
627,3
628,2
629,2
630,4
631,3
632,2
633,4
634,3
635,3
636,4
637,2
638,3
639,3
640,3
641,3
642,4
643,3
644,3
645,3
646,3
647,3
648,3
649,3
650,3
651,3
652,3
653,3
654,3
655,2
656,2
657,3
658,3
659,3
660,4
661,3
662,3
663,3
664,3
665,NA
666,NA
667,NA
668,3
669,3
670,3
671,3
672,3
673,3
674,NA
675,NA
676,3
677,3
678,3
679,3
680,3
681,3
682,4
683,2
684,3
685,4
686,4
687,2
688,3
689,4
690,4
691,3
692,3
693,3
694,3
695,3
696,3
697,3
698,3
699,3
700,3
701,2
702,4
703,3
704,4
705,4
706,3
707,4
708,3
709,3
710,3
711,4
712,3
713,3
714,3
715,4
716,3
717,3
718,3
719,3
720,3
721,3
722,3
723,3
724,3
725,3
726,2
727,3
728,3
729,3
730,3
731,3
732,3
733,3
734,3
735,3
736,3
737,2
738,3
739,4
740,3
741,3
742,3
743,3
744,3
745,3
746,3
747,3
748,4
749,3
750,3
751,3
752,3
753,3
754,3
755,3
756,3
757,3
758,3
759,3
760,3
761,3
762,3
763,3
764,3
765,3
766,3
767,2
768,3
769,3
770,3
771,4
772,4
773,2
774,3
775,2
776,NA
777,NA
778,NA
779,3
780,3
781,2
782,3
783,3
784,3
785,3
786,4
787,4
788,2
789,3
790,3
791,4
792,3
793,3
794,3
795,3
796,2
797,3
798,2
799,4
800,3
801,3
802,3
803,3
804,3
805,3
806,3
807,3
808,2
809,2
810,3
811,2
812,3
813,2
814,3
815,NA
816,3
817,2
818,3
819,3
820,3
821,2
822,2
823,2
824,3
825,3
826,3
827,3
828,3
829,2
830,3
831,2
832,3
833,3
834,4
835,3
836,2
837,3
838,3
839,2
840,3
841,3
842,3
843,3
844,3
845,4
846,3
847,3
848,3
849,3
850,3
851,3
852,3
853,3
854,4
855,3
856,3
857,NA
858,2
859,3
860,3
861,3
862,3
863,3
864,3
865,3
866,3
867,3
868,3
869,4
870,4
871,4
872,3
873,3
874,3
875,3
876,4
877,3
878,3
879,3
880,3
881,3
882,3
883,3
884,3
885,3
886,3
887,4
888,4
889,4
890,4
891,3
892,3
893,3
894,3
895,3
896,3
897,4
898,3
899,2
900,3
901,3
902,3
903,3
904,3
905,3
906,3
907,3
908,3
909,3
910,2
911,3
912,NA
913,3
914,3
915,3
916,3
917,3
918,NA
919,NA
920,3
921,3
922,3
923,3
924,3
925,2
926,3
927,3
928,3
929,3
930,3
931,3
932,3
933,3
934,4
935,3
936,3
937,3
938,3
939,3
940,3
941,3
942,3
943,3
944,2
945,3
946,3
947,3
948,4
949,4
950,3
951,4
952,4
953,3
954,3
955,3
956,3
957,3
958,3
959,3
960,3
961,3
962,3
963,3
964,4
965,3
966,4
967,2
968,3
969,3
970,3
971,3
972,2
973,2
974,3
975,3
976,3
977,3
978,3
979,3
980,2
981,4
982,4
983,3
984,3
985,3
986,3
987,3
988,NA
989,3
990,3
991,3
992,3
993,3
994,3
995,3
996,2
997,2
998,3
999,3
1000,3
1001,3
1002,3
1003,3
1004,3
1005,2
1006,3
1007,3
1008,3
1009,3
1010,3
1011,3
1012,3
1013,3
1014,3
1015,3
1016,4
1017,3
1018,3
1019,2
1020,3
1021,4
1022,3
1023,3
1024,3
1025,4
1026,3
1027,3
1028,3
1029,3
1030,2
1031,3
1032,NA
1033,3
1034,3
1035,3
1036,4
1037,4
1038,3
1039,3
1040,3
1041,3
1042,3
1043,3
1044,3
1045,3
1046,3
1047,3
1048,3
1049,3
1050,3
1051,3
1052,3
1053,3
1054,3
1055,3
1056,NA
1057,3
1058,3
1059,3
1060,3
1061,3
1062,3
1063,3
1064,3
1065,3
1066,3
1067,3
1068,3
1069,3
1070,3
1071,2
1072,3
1073,3
1074,2
1075,NA
1076,2
1077,3
1078,3
1079,2
1080,2
1081,3
1082,4
1083,3
1084,3
1085,NA
1086,3
1087,NA
1088,3
1089,NA
1090,3
1091,2
1092,2
1093,3
1094,NA
1095,3
1096,3
1097,NA
1098,3
1099,3
1100,3
1101,3
1102,NA
1103,3
1104,3
1105,3
1106,3
1107,2
1108,3
1109,3
1110,3
1111,3
1112,3
1113,3
1114,3
1115,3
1116,3
1117,3
1118,3
1119,2
1120,3
1121,NA
1122,3
1123,3
1124,2
1125,3
1126,3
1127,2
1128,3
1129,3
1130,3
1131,3
1132,3
1133,3
1134,3
1135,3
1136,3
1137,4
1138,3
1139,3
1140,3
1141,3
1142,2
1143,3
1144,2
1145,NA
1146,3
1147,3
1148,3
1149,3
1150,4
1151,3
1152,3
1153,3
1154,3
1155,3
1156,3
1157,2
1158,3
1159,3
1160,3
1161,3
1162,2
1163,3
1164,2
1165,3
1166,NA
1167,NA
1168,4
1169,3
1170,3
1171,4
1172,4
1173,4
1174,4
1175,3
1176,4
1177,3
1178,4
1179,3
1180,3
1181,3
1182,3
1183,3
1184,3
1185,3
1186,4
1187,4
1188,3
1189,3
1190,NA
1191,3
1192,3
1193,3
1194,3
1195,2
1196,3
1197,2
1198,3
1199,3
1200,3
1201,3
1202,3
1203,4
1204,3
1205,3
1206,4
1207,3
1208,3
1209,4
1210,3
1211,3
1212,3
1213,3
1214,3
1215,3
1216,3
1217,3
1218,3
1219,3
1220,3
1221,3
1222,3
1223,3
1224,2
1225,3
1226,3
1227,3
1228,3
1229,3
1230,3
1231,3
1232,3
1233,4
1234,4
1235,4
1236,4
1237,3
1238,3
1239,3
1240,3
1241,3
1242,3
1243,3
1244,3
1245,3
1246,3
1247,3
1248,4
1249,4
1250,4
1251,2
1252,3
1253,4
1254,4
1255,3
1256,2
1257,3
1258,3
1259,3
1260,3
1261,3
1262,4
1263,3
1264,3
1265,3
1266,3
1267,3
1268,3
1269,3
1270,3
1271,4
1272,3
1273,3
1274,3
1275,3
1276,2
1277,NA
1278,3
1279,3
1280,2
1281,2
1282,3
1283,3
1284,4
1285,2
1286,2
1287,3
1288,4
1289,3
1290,2
1291,3
1292,3
1293,3
1294,3
1295,3
1296,3
1297,3
1298,3
1299,3
1300,3
1301,4
1302,3
1303,3
1304,3
1305,3
1306,3
1307,3
1308,4
1309,3
1310,3
1311,3
1312,4
1313,3
1314,3
1315,NA
1316,NA
1317,3
1318,4
1319,3
1320,NA
1321,3
1322,3
1323,3
1324,3
1325,NA
1326,2
1327,3
1328,2
1329,2
1330,3
1331,4
1332,3
1333,3
1334,3
1335,3
1336,3
1337,3
1338,NA
1339,3
1340,4
1341,NA
1342,2
1343,2
1344,1
1345,1
1346,1
1347,2
1348,1
1349,2
1350,1
1351,1
1352,1
1353,1
1354,2
1355,1
1356,1
1357,2
1358,2
1359,1
1360,1
1361,1
1362,1
1363,1
1364,2
1365,2
1366,2
1367,2
1368,2
1369,2
1370,2
1371,2
1372,1
1373,1
1374,2
1375,1
1376,1
1377,2
1378,2
1379,2
1380,2
1381,2
1382,2
1383,2
1384,2
1385,2
1386,2
1387,2
1388,2
1389,2
1390,2
1391,2
1392,2
1393,2
1394,2
1395,2
1396,2
1397,2
1398,2
1399,2
1400,2
1401,2
1402,2
1403,2
1404,2
1405,2
1406,2
1407,2
1408,2
1409,2
1410,2
1411,2
1412,2
1413,2
1414,2
1415,2
1416,2
1417,2
1418,2
1419,2
1420,2
1421,2
1422,2
1423,2
1424,2
1425,2
1426,NA
1427,2
1428,2
1429,2
1430,2
1431,2
1432,2
1433,2
1434,2
1435,1
1436,1
1437,2
1438,1
1439,2
1440,1
1441,2
1442,1
1443,1
1444,1
1445,2
1446,2
1447,2
1448,2
1449,1
1450,2
1451,1
1452,1
1453,1
1454,1
1455,2
1456,2
1457,1
1458,2
1459,1
1460,2
1461,2
1462,1
1463,1
1464,1
1465,2
1466,1
1467,1
1468,1
1469,2
1470,2
1471,1
1472,1
1473,2
1474,1
1475,1
1476,1
1477,1
1478,1
1479,2
1480,1
1481,1
1482,2
1483,2
1484,2
1485,2
1486,2
1487,1
1488,2
1489,2
1490,2
1491,2
1492,1
1493,2
1494,1
1495,1
1496,1
1497,2
1498,1
1499,1
1500,1
1501,1
1502,1
1503,2
1504,1
1505,1
1506,1
1507,2
1508,2
1509,2
1510,2
1511,2
1512,1
1513,2
1514,1
1515,2
1516,2
1517,1
1518,2
1519,1
1520,1
1521,2
1522,2
1523,1
1524,2
1525,2
1526,1
1527,1
1528,1
1529,1
1530,2
1531,2
1532,1
1533,1
1534,1
1535,2
1536,2
1537,1
1538,2
1539,2
1540,1
1541,2
1542,2
1543,2
1544,2
1545,2
1546,2
1547,2
1548,2
1549,2
1550,2
1551,2
1552,2
1553,2
1554,2
1555,2
1556,2
1557,2
1558,2
1559,2
1560,2
1561,2
1562,2
1563,2
1564,2
1565,2
1566,2
1567,2
1568,2
1569,2
1570,2
1571,2
1572,2
1573,2
1574,2
1575,2
1576,2
1577,2
1578,2
1579,NA
1580,2
1581,2
1582,2
1583,2
1584,2
1585,2
1586,2
1587,NA
1588,2
1589,2
1590,2
1591,2
1592,2
1593,2
1594,2
1595,2
1596,2
1597,2
1598,2
1599,2
1600,2
1601,2
1602,2
1603,2
1604,2
1605,2
1606,2
1607,2
1608,2
1609,2
1610,2
1611,2
1612,2
1613,2
1614,2
1615,2
1616,2
1617,2
1618,2
1619,2
1620,2
1621,2
1622,2
1623,2
1624,2
1625,2
1626,2
1627,2
1628,2
1629,2
1630,2
1631,2
1632,2
1633,2
1634,2
1635,2
1636,2
1637,2
1638,2
1639,2
1640,2
1641,NA
1642,3
1643,3
1644,3
1645,3
1646,3
1647,3
1648,3
1649,4
1650,3
1651,3
1652,3
1653,4
1654,3
1655,3
1656,4
1657,3
1658,3
1659,4
1660,3
1661,3
1662,3
1663,3
1664,3
1665,3
1666,3
1667,3
1668,3
1669,3
1670,3
1671,4
1672,3
1673,4
1674,4
1675,3
1676,4
1677,3
1678,3
1679,4
1680,3
1681,3
1682,3
1683,3
1684,3
1685,4
1686,3
1687,3
1688,3
1689,3
1690,3
1691,3
1692,3
1693,4
1694,3
1695,3
1696,3
1697,3
1698,3
1699,3
1700,3
1701,3
1702,3
1703,3
1704,3
1705,3
1706,3
1707,3
1708,4
1709,3
1710,3
1711,3
1712,3
1713,3
1714,3
1715,3
1716,3
1717,3
1718,3
1719,3
1720,3
1721,3
1722,4
1723,3
1724,4
1725,3
1726,3
1727,3
1728,3
1729,3
1730,3
1731,3
1732,3
1733,3
1734,3
1735,3
1736,3
1737,3
1738,3
1739,3
1740,3
1741,3
1742,3
1743,3
1744,3
1745,2
1746,3
1747,2
1748,3
1749,3
1750,2
1751,3
1752,3
1753,2
1754,3
1755,2
1756,3
1757,3
1758,3
1759,3
1760,3
1761,3
1762,3
1763,3
1764,3
1765,3
1766,3
1767,3
1768,3
1769,3
1770,3
1771,3
1772,3
1773,3
1774,3
1775,4
1776,3
1777,3
1778,3
1779,3
1780,3
1781,3
1782,3
1783,3
1784,3
1785,3
1786,3
1787,3
1788,3
1789,3
1790,3
1791,3
1792,3
1793,3
1794,3
1795,3
1796,3
1797,3
1798,3
1799,3
1800,3
1801,3
1802,3
1803,4
1804,3
1805,3
1806,3
1807,3
1808,3
1809,3
1810,3
1811,3
1812,3
1813,3
1814,3
1815,3
1816,3
1817,3
1818,3
1819,3
1820,3
1821,3
1822,3
1823,4
1824,3
1825,3
1826,3
1827,3
1828,3
1829,3
1830,3
1831,4
1832,3
1833,4
1834,3
1835,3
1836,3
1837,4
1838,4
1839,3
1840,3
1841,3
1842,3
1843,3
1844,3
1845,3
1846,3
1847,3
1848,3
1849,3
1850,3
1851,3
1852,3
1853,3
1854,3
1855,3
1856,4
1857,3
1858,4
1859,3
1860,3
1861,3
1862,4
1863,3
1864,3
1865,3
1866,3
1867,4
1868,3
1869,3
1870,3
1871,3
1872,3
1873,3
1874,3
1875,3
1876,4
1877,3
1878,3
1879,3
1880,3
1881,3
1882,3
1883,3
1884,4
1885,4
1886,3
1887,3
1888,3
1889,2
1890,4
1891,3
1892,3
1893,4
1894,4
1895,3
1896,3
1897,3
1898,3
1899,3
1900,3
1901,3
1902,3
1903,3
1904,3
1905,3
1906,3
1907,4
1908,3
1909,3
1910,3
1911,3
1912,2
1913,3
1914,3
1915,3
1916,3
1917,3
1918,4
1919,3
1920,3
1921,3
1922,3
1923,3
1924,3
1925,3
1926,3
1927,3
1928,3
1929,3
1930,3
1931,3
1932,3
1933,3
1934,4
1935,3
1936,3
1937,4
1938,3
1939,2
1940,3
1941,3
1942,3
1943,3
1944,3
1945,3
1946,3
1947,3
1948,2
1949,3
1950,3
1951,2
1952,3
1953,3
1954,3
1955,3
1956,3
1957,3
1958,3
1959,3
1960,3
1961,3
1962,3
1963,3
1964,3
1965,3
1966,3
1967,3
1968,3
1969,3
1970,3
1971,3
1972,3
1973,3
1974,3
1975,3
1976,3
1977,3
1978,3
1979,3
1980,3
1981,3
1982,3
1983,3
1984,3
1985,3
1986,3
1987,3
1988,3
1989,3
1990,3
1991,3
1992,4
1993,3
1994,3
1995,3
1996,3
1997,3
1998,3
1999,4
2000,3
2001,3
2002,3
2003,3
2004,3
2005,4
2006,3
2007,3
2008,3
2009,3
2010,3
2011,3
2012,3
2013,3
2014,3
2015,3
2016,3
2017,2
2018,3
2019,3
2020,3
2021,3
2022,3
2023,4
2024,3
2025,3
2026,3
2027,3
2028,3
2029,3
2030,4
2031,3
2032,3
2033,3
2034,3
2035,4
2036,3
2037,3
2038,3
2039,3
2040,3
2041,3
2042,3
2043,3
2044,3
2045,3
2046,4
2047,3
2048,3
2049,3
2050,3
2051,3
2052,3
2053,3
2054,3
2055,4
2056,3
2057,3
2058,2
2059,3
2060,3
2061,3
2062,3
2063,3
2064,3
2065,4
2066,3
2067,3
2068,3
2069,3
2070,3
2071,3
2072,3
2073,3
2074,3
2075,3
2076,3
2077,2
2078,3
2079,3
2080,3
2081,3
2082,3
2083,3
2084,3
2085,3
2086,3
2087,3
2088,3
2089,3
2090,NA
2091,3
2092,4
2093,3
2094,3
2095,3
2096,3
2097,4
2098,3
2099,3
2100,3
2101,3
2102,3
2103,3
2104,3
2105,3
2106,3
2107,3
2108,3
2109,3
2110,3
2111,3
2112,3
2113,3
2114,3
2115,3
2116,3
2117,3
2118,3
2119,3
2120,3
2121,3
2122,3
2123,3
2124,3
2125,3
2126,3
2127,3
2128,3
2129,3
2130,3
2131,3
2132,3
2133,3
2134,3
2135,3
2136,3
2137,3
2138,3
2139,3
2140,3
2141,4
2142,NA
2143,3
2144,3
2145,3
2146,3
2147,3
2148,3
2149,3
2150,3
2151,NA
2152,3
2153,3
2154,3
2155,4
2156,2
2157,3
2158,3
2159,3
2160,3
2161,3
2162,3
2163,3
2164,3
2165,3
2166,3
2167,3
2168,3
2169,4
2170,3
2171,3
2172,3
2173,2
2174,3
2175,4
2176,2
2177,3
2178,2
2179,1
2180,3
2181,3
2182,3
2183,3
2184,3
2185,2
2186,2
2187,4
2188,3
2189,4
2190,3
2191,3
2192,2
2193,3
2194,3
2195,3
2196,1
2197,3
2198,3
2199,3
2200,3
2201,4
2202,3
2203,3
2204,3
2205,3
2206,3
2207,4
2208,3
2209,2
2210,4
2211,3
2212,2
2213,1
2214,3
2215,3
2216,2
2217,3
2218,4
2219,3
2220,3
2221,3
2222,3
2223,3
2224,3
2225,3
2226,3
2227,1
2228,3
2229,2
2230,3
2231,3
2232,2
2233,2
2234,3
2235,3
2236,3
2237,3
2238,3
2239,3
2240,1
2241,4
2242,3
2243,3
2244,3
2245,3
2246,4
2247,3
2248,3
2249,2
2250,1
2251,4
2252,3
2253,3
2254,4
2255,3
2256,3
2257,3
2258,3
2259,3
2260,3
2261,2
2262,3
2263,2
2264,4
2265,3
2266,3
2267,3
2268,3
2269,2
2270,3
2271,3
2272,3
2273,3
2274,3
2275,3
2276,4
2277,3
2278,4
2279,3
2280,3
2281,3
2282,3
2283,1
2284,2
2285,3
2286,3
2287,3
2288,4
2289,3
2290,3
2291,3
2292,2
2293,3
2294,3
2295,3
2296,3
2297,3
2298,4
2299,3
2300,3
2301,3
2302,3
2303,3
2304,3
2305,3
2306,3
2307,2
2308,3
2309,1
2310,3
2311,3
2312,3
2313,2
2314,3
2315,1
2316,3
2317,2
2318,3
2319,3
2320,3
2321,3
2322,3
2323,2
2324,3
2325,1
2326,3
2327,3
2328,3
2329,3
2330,1
2331,2
2332,2
2333,2
2334,3
2335,4
2336,3
2337,2
2338,3
2339,3
2340,2
2341,3
2342,3
2343,3
2344,2
2345,2
2346,3
2347,3
2348,2
2349,3
2350,3
2351,3
2352,3
2353,2
2354,3
2355,3
2356,3
2357,3
2358,3
2359,4
2360,3
2361,3
2362,3
2363,3
2364,4
2365,3
2366,3
2367,2
2368,3
2369,3
2370,3
2371,3
2372,3
2373,3
2374,3
2375,3
2376,2
2377,1
2378,1
2379,1
2380,3
2381,3
2382,4
2383,2
2384,3
2385,3
2386,3
2387,2
2388,4
2389,3
2390,3
2391,1
2392,4
2393,2
2394,2
2395,3
2396,3
2397,2
2398,2
2399,3
2400,2
2401,2
2402,1
2403,4
2404,3
2405,3
2406,3
2407,3
2408,3
2409,3
2410,3
2411,2
2412,3
2413,2
2414,2
2415,3
2416,2
2417,3
2418,3
2419,3
2420,4
2421,4
2422,4
2423,3
2424,3
2425,2
2426,3
2427,3
2428,3
2429,1
2430,2
2431,2
2432,3
2433,3
2434,2
2435,2
2436,3
2437,4
2438,3
2439,1
2440,3
2441,3
2442,4
2443,2
2444,3
2445,3
2446,3
2447,2
2448,3
2449,3
2450,3
2451,1
2452,3
2453,3
2454,3
2455,4
2456,3
2457,3
2458,3
2459,1
2460,2
2461,3
2462,3
2463,3
2464,1
2465,3
2466,4
2467,2
2468,3
2469,3
2470,3
2471,3
2472,3
2473,2
2474,3
2475,3
2476,3
2477,2
2478,3
2479,2
2480,1
2481,3
2482,3
2483,2
2484,1
2485,3
2486,3
2487,3
2488,3
2489,3
2490,3
2491,3
2492,3
2493,2
2494,3
2495,3
2496,3
2497,4
2498,4
2499,2
2500,2
2501,4
2502,3
2503,2
2504,2
2505,3
2506,3
2507,3
2508,2
2509,1
2510,3
2511,2
2512,2
2513,3
2514,4
2515,2
2516,3
2517,4
2518,3
2519,3
2520,2
2521,4
2522,2
2523,3
2524,1
2525,2
2526,3
2527,2
2528,3
2529,3
2530,1
2531,1
2532,3
2533,3
2534,3
2535,3
2536,3
2537,4
2538,3
2539,3
2540,3
2541,3
2542,2
2543,3
2544,3
2545,3
2546,4
2547,3
2548,3
2549,2
2550,3
2551,4
2552,4
2553,4
2554,3
2555,4
2556,3
2557,3
2558,3
2559,3
2560,1
2561,2
2562,2
2563,3
2564,3
2565,2
2566,4
2567,3
2568,3
2569,2
2570,3
2571,2
2572,3
2573,3
2574,3
2575,3
2576,2
2577,4
2578,3
2579,3
2580,3
2581,3
2582,3
2583,3
2584,3
2585,2
2586,3
2587,3
2588,3
2589,2
2590,3
2591,3
2592,3
2593,1
2594,3
2595,3
2596,2
2597,3
2598,2
2599,3
2600,3
2601,3
2602,3
2603,3
2604,3
2605,2
2606,2
2607,2
2608,2
2609,3
2610,3
2611,4
2612,1
2613,3
2614,1
2615,3
2616,3
2617,1
2618,2
2619,3
2620,3
2621,2
2622,3
2623,2
2624,2
2625,3
2626,2
2627,2
2628,3
2629,3
2630,3
2631,1
2632,2
2633,3
2634,2
2635,3
2636,3
2637,2
2638,2
2639,2
2640,2
2641,1
2642,3
2643,2
2644,3
2645,3
2646,3
2647,3
2648,3
2649,3
2650,3
2651,3
2652,2
2653,2
2654,3
2655,3
2656,2
2657,2
2658,1
2659,3
2660,2
2661,1
2662,3
2663,3
2664,1
2665,2
2666,1
2667,3
2668,3
2669,3
2670,1
2671,1
2672,3
2673,3
2674,3
2675,2
2676,2
2677,3
2678,2
2679,3
2680,3
2681,1
2682,2
2683,2
2684,2
2685,2
2686,1
2687,1
2688,2
2689,1
2690,2
2691,1
2692,3
2693,2
2694,3
2695,3
2696,1
2697,2
2698,2
2699,3
2700,3
2701,2
2702,3
2703,2
2704,3
2705,3
2706,1
2707,3
2708,3
2709,3
2710,3
2711,3
2712,2
2713,3
2714,2
2715,3
2716,2
2717,3
2718,3
2719,3
2720,3
2721,1
2722,3
2723,2
2724,2
2725,2
2726,3
2727,1
2728,3
2729,3
2730,3
2731,3
2732,2
2733,2
2734,2
2735,3
2736,2
2737,2
2738,3
2739,3
2740,3
2741,2
2742,3
2743,3
2744,3
2745,3
2746,3
2747,3
2748,3
2749,2
2750,2
2751,2
2752,2
2753,2
2754,4
2755,3
2756,1
2757,2
2758,3
2759,3
2760,2
2761,3
2762,3
2763,1
2764,3
2765,2
2766,3
2767,1
2768,3
2769,3
2770,3
2771,1
2772,2
2773,2
2774,2
2775,3
2776,3
2777,1
2778,2
2779,3
2780,3
2781,3
2782,3
2783,3
2784,3
2785,3
2786,3
2787,2
2788,2
2789,3
2790,3
2791,3
2792,3
2793,3
2794,2
2795,3
2796,3
2797,3
2798,3
2799,2
2800,1
2801,2
2802,3
2803,1
2804,3
2805,3
2806,1
2807,1
2808,2
2809,2
2810,3
2811,3
2812,2
2813,2
2814,2
2815,3
2816,2
2817,3
2818,1
2819,2
2820,3
2821,3
2822,3
2823,2
2824,1
2825,4
2826,2
2827,2
2828,2
2829,3
2830,3
2831,3
2832,2
2833,3
2834,3
2835,2
2836,2
2837,3
2838,2
2839,3
2840,3
2841,3
2842,3
2843,3
2844,2
2845,2
2846,3
2847,1
2848,3
2849,3
2850,2
2851,1
2852,2
2853,1
2854,3
2855,3
2856,2
2857,2
2858,3
2859,3
2860,3
2861,3
2862,3
2863,3
2864,3
2865,1
2866,2
2867,3
2868,3
2869,3
2870,2
2871,2
2872,3
2873,3
2874,3
2875,3
2876,3
2877,3
2878,2
2879,2
2880,3
2881,3
2882,2
2883,3
2884,1
2885,3
2886,3
2887,3
2888,3
2889,3
2890,3
2891,3
2892,2
2893,2
2894,3
2895,2
2896,1
2897,2
2898,3
2899,3
2900,3
2901,3
2902,2
2903,2
2904,3
2905,3
2906,2
2907,3
2908,3
2909,2
2910,2
2911,3
2912,2
2913,2
2914,2
2915,2
2916,3
2917,3
2918,3
2919,3
2920,3
2921,2
2922,2
2923,2
2924,2
2925,2
2926,3
2927,3
2928,3
2929,2
2930,3
2931,2
2932,3
2933,2
2934,3
2935,2
2936,3
2937,3
2938,3
2939,1
2940,3
2941,3
2942,3
2943,2
2944,2
2945,3
2946,2
2947,2
2948,3
2949,1
2950,3
2951,1
2952,3
2953,1
2954,1
2955,3
2956,2
2957,3
2958,3
2959,2
2960,2
2961,2
2962,3
2963,4
2964,2
2965,2
2966,3
2967,3
2968,3
2969,3
2970,4
2971,3
2972,3
2973,2
2974,3
2975,2
2976,3
2977,3
2978,3
2979,2
2980,3
2981,3
2982,3
2983,4
2984,3
2985,4
2986,3
2987,3
2988,2
2989,2
2990,4
2991,3
2992,4
2993,3
2994,2
2995,4
2996,3
2997,4
2998,3
2999,3
3000,2
3001,3
3002,2
3003,2
3004,2
3005,2
3006,3
3007,2
3008,3
3009,3
3010,3
3011,3
3012,3
3013,2
3014,2
3015,3
3016,3
3017,3
3018,3
3019,3
3020,2
3021,2
3022,1
3023,2
3024,3
3025,3
3026,3
3027,1
3028,3
3029,2
3030,3
3031,4
3032,3
3033,3
3034,3
3035,3
3036,3
3037,3
3038,3
3039,3
3040,2
3041,2
3042,3
3043,3
3044,3
3045,1
3046,3
3047,2
3048,4
3049,3
3050,2
3051,2
3052,3
3053,2
3054,3
3055,2
3056,1
3057,2
3058,1
3059,1
3060,1
3061,1
3062,1
3063,2
3064,1
3065,1
3066,2
3067,1
3068,1
3069,2
3070,2
3071,1
3072,1
3073,2
3074,1
3075,1
3076,2
3077,2
3078,1
3079,1
3080,1
3081,1
3082,2
3083,1
3084,2
3085,1
3086,1
3087,2
3088,2
3089,1
3090,2
3091,2
3092,1
3093,2
3094,1
3095,1
3096,3
3097,2
3098,3
3099,3
3100,3
3101,2
3102,2
3103,3
3104,2
3105,2
3106,3
3107,3
3108,3
3109,4
3110,3
3111,3
3112,3
3113,3
3114,4
3115,2
3116,2
3117,3
3118,3
3119,3
3120,3
3121,3
3122,2
3123,3
3124,3
3125,2
3126,3
3127,2
3128,2
3129,3
3130,3
3131,3
3132,3
3133,2
3134,3
3135,3
3136,2
3137,3
3138,3
3139,2
3140,2
3141,2
3142,3
3143,3
3144,4
3145,4
3146,3
3147,3
3148,2
3149,2
3150,3
3151,3
3152,2
3153,2
3154,3
3155,3
3156,3
3157,3
3158,2
3159,3
3160,4
3161,2
3162,2
3163,3
3164,4
3165,3
3166,2
3167,3
3168,2
3169,4
3170,3
3171,3
3172,2
3173,2
3174,2
3175,3
3176,3
3177,3
3178,2
3179,3
3180,2
3181,3
3182,3
3183,4
3184,3
3185,2
3186,3
3187,3
3188,2
3189,3
3190,2
3191,2
3192,3
3193,3
3194,2
3195,3
3196,2
3197,2
3198,3
3199,4
3200,3
3201,2
3202,2
3203,2
3204,2
3205,3
3206,3
3207,2
3208,2
3209,3
3210,2
3211,3
3212,2
3213,2
3214,2
3215,3
3216,3
3217,3
3218,3
3219,4
3220,2
3221,2
3222,4
3223,3
3224,3
3225,2
3226,3
3227,2
3228,3
3229,4
3230,2
3231,3
3232,3
3233,3
3234,3
3235,3
3236,2
3237,2
3238,NA
3239,1
3240,2
3241,1
3242,2
3243,1
3244,1
3245,1
3246,1
3247,1
3248,1
3249,1
3250,2
3251,1
3252,2
3253,1
3254,2
3255,1
3256,2
3257,NA
3258,1
3259,2
3260,2
3261,4
3262,3
3263,3
3264,4
3265,3
3266,3
3267,3
3268,4
3269,3
3270,4
3271,3
3272,3
3273,3
3274,3
3275,2
3276,3
3277,3
3278,4
3279,3
3280,3
3281,4
3282,3
3283,3
3284,3
3285,3
3286,4
3287,3
3288,4
3289,3
3290,3
3291,2
3292,4
3293,3
3294,4
3295,4
3296,3
3297,3
3298,3
3299,4
3300,3
3301,3
3302,3
3303,4
3304,4
3305,3
3306,3
3307,4
3308,3
3309,3
3310,4
3311,3
3312,3
3313,4
3314,3
3315,1
3316,2
3317,NA
3318,1
3319,3
3320,3
3321,4
3322,3
3323,NA
3324,3
3325,3
3326,3
3327,3
3328,3
3329,3
3330,4
3331,4
3332,4
3333,2
3334,1
3335,2
3336,1
3337,1
3338,2
3339,1
3340,2
3341,2
3342,1
3343,1
3344,1
3345,NA
3346,1
3347,1
3348,1
3349,1
3350,1
3351,2
3352,NA
3353,1
3354,1
3355,1
3356,1
3357,2
3358,1
3359,NA
3360,1
3361,2
3362,2
3363,2
3364,2
3365,2
3366,2
3367,2
3368,2
3369,4
3370,3
3371,3
3372,4
3373,3
3374,4
3375,4
3376,3
3377,3
3378,3
3379,3
3380,3
3381,3
3382,4
3383,3
3384,2
3385,2
3386,2
3387,2
3388,2
3389,2
3390,2
3391,2
3392,2
3393,2
3394,2
3395,2
3396,2
3397,2
3398,2
3399,2
3400,2
3401,2
3402,2
3403,2
3404,2
3405,2
3406,2
3407,2
3408,2
3409,2
3410,2
3411,2
3412,2
3413,2
3414,2
3415,2
3416,2
3417,2
3418,3
3419,3
3420,3
3421,4
3422,NA
3423,4
3424,4
3425,4
3426,2
3427,3
3428,4
3429,3
3430,3
3431,3
3432,3
3433,3
3434,3
3435,3
3436,3
3437,3
3438,3
3439,3
3440,3
3441,3
3442,4
3443,4
3444,3
3445,3
3446,3
3447,3
3448,3
3449,3
3450,3
3451,3
3452,3
3453,3
3454,4
3455,2
3456,NA
3457,4
3458,3
3459,3
3460,NA
3461,3
3462,3
3463,3
3464,3
3465,3
3466,4
3467,3
3468,3
3469,4
3470,3
3471,3
3472,3
3473,3
3474,3
3475,4
3476,3
3477,3
3478,3
3479,NA
3480,3
3481,3
3482,4
3483,NA
3484,3
3485,4
3486,3
3487,3
3488,3
3489,3
3490,3
3491,3
3492,3
3493,4
3494,4
3495,3
3496,3
3497,4
3498,2
3499,3
3500,4
3501,3
3502,4
3503,4
3504,3
3505,4
3506,3
3507,3
3508,3
3509,3
3510,3
3511,3
3512,3
3513,3
3514,3
3515,3
3516,3
3517,3
3518,3
3519,3
3520,3
3521,3
3522,4
3523,3
3524,3
3525,3
3526,3
3527,3
3528,3
3529,3
3530,3
3531,3
3532,3
3533,3
3534,3
3535,3
3536,4
3537,3
3538,3
3539,2
3540,3
3541,3
3542,3
3543,3
3544,3
3545,3
3546,3
3547,3
3548,3
3549,3
3550,3
3551,4
3552,3
3553,3
3554,3
3555,3
3556,3
3557,3
3558,3
3559,3
3560,3
3561,3
3562,3
3563,3
3564,3
3565,4
3566,3
3567,3
3568,3
3569,3
3570,3
3571,3
3572,3
3573,3
3574,3
3575,3
3576,3
3577,3
3578,3
3579,3
3580,3
3581,3
3582,3
3583,3
3584,3
3585,4
3586,3
3587,3
3588,3
3589,3
3590,4
3591,3
3592,3
3593,3
3594,3
3595,3
3596,3
3597,3
3598,3
3599,3
3600,3
3601,3
3602,3
3603,3
3604,3
3605,4
3606,3
3607,3
3608,3
3609,3
3610,3
3611,3
3612,3
3613,4
3614,3
3615,3
3616,3
3617,3
3618,3
3619,3
3620,3
3621,3
3622,3
3623,3
3624,3
3625,3
3626,3
3627,3
3628,4
3629,3
3630,3
3631,3
3632,3
3633,3
3634,3
3635,3
3636,3
3637,3
3638,3
3639,3
3640,3
3641,3
3642,3
3643,3
3644,3
3645,4
3646,3
3647,2
3648,3
3649,3
3650,3
3651,3
3652,4
3653,3
3654,3
3655,4
3656,3
3657,3
3658,3
3659,3
3660,3
3661,3
3662,4
3663,3
3664,3
3665,4
3666,3
3667,3
3668,3
3669,3
3670,3
3671,3
3672,3
3673,2
3674,3
3675,3
3676,3
3677,3
3678,3
3679,3
3680,3
3681,3
3682,3
3683,3
3684,3
3685,4
3686,4
3687,3
3688,3
3689,3
3690,3
3691,3
3692,3
3693,3
3694,3
3695,3
3696,3
3697,3
3698,3
3699,3
3700,3
3701,3
3702,3
3703,3
3704,3
3705,3
3706,3
3707,3
3708,3
3709,3
3710,3
3711,3
3712,3
3713,3
3714,3
3715,3
3716,3
3717,3
3718,3
3719,3
3720,3
3721,3
3722,3
3723,3
3724,3
3725,3
3726,3
3727,4
3728,3
3729,3
3730,4
3731,3
3732,4
3733,3
3734,3
3735,3
3736,3
3737,3
3738,3
3739,3
3740,3
3741,3
3742,3
3743,4
3744,4
3745,3
3746,3
3747,3
3748,3
3749,3
3750,3
3751,3
3752,3
3753,3
3754,4
3755,3
3756,4
3757,3
3758,3
3759,3
3760,3
3761,3
3762,3
3763,3
3764,3
3765,3
3766,3
3767,3
3768,3
3769,3
3770,3
3771,4
3772,3
3773,3
3774,3
3775,3
3776,3
3777,3
3778,3
3779,3
3780,3
3781,3
3782,3
3783,4
3784,3
3785,3
3786,3
3787,3
3788,3
3789,3
3790,4
3791,3
3792,3
3793,3
3794,3
3795,3
3796,3
3797,3
3798,3
3799,4
3800,3
3801,3
3802,3
3803,3
3804,4
3805,3
3806,3
3807,3
3808,3
3809,3
3810,3
3811,3
3812,3
3813,3
3814,3
3815,3
3816,3
3817,4
3818,3
3819,3
3820,3
3821,3
3822,3
3823,3
3824,3
3825,3
3826,3
3827,3
3828,3
3829,3
3830,3
3831,3
3832,3
3833,3
3834,3
3835,4
3836,3
3837,3
3838,3
3839,3
3840,3
3841,3
3842,3
3843,3
3844,3
3845,3
3846,3
3847,3
3848,3
3849,4
3850,3
3851,3
3852,3
3853,3
3854,3
3855,3
3856,2
3857,3
3858,4
3859,2
3860,3
3861,3
3862,3
3863,3
3864,3
3865,3
3866,3
3867,3
3868,3
3869,3
3870,4
3871,3
3872,3
3873,3
3874,3
3875,3
3876,3
3877,3
3878,3
3879,3
3880,3
3881,3
3882,3
3883,4
3884,3
3885,3
3886,4
3887,3
3888,3
3889,3
3890,3
3891,3
3892,3
3893,3
3894,3
3895,3
3896,3
3897,3
3898,3
3899,3
3900,3
3901,4
3902,4
3903,2
3904,3
3905,3
3906,3
3907,3
3908,3
3909,3
3910,3
3911,3
3912,3
3913,3
3914,4
3915,3
3916,3
3917,3
3918,2
3919,3
3920,3
3921,2
3922,3
3923,3
3924,3
3925,3
3926,4
3927,3
3928,3
3929,3
3930,3
3931,2
3932,3
3933,3
3934,3
3935,3
3936,3
3937,3
3938,3
3939,3
3940,3
3941,3
3942,3
3943,3
3944,3
3945,2
3946,3
3947,3
3948,3
3949,3
3950,3
3951,3
3952,3
3953,3
3954,4
3955,3
3956,3
3957,3
3958,4
3959,3
3960,3
3961,3
3962,3
3963,4
3964,3
3965,3
3966,3
3967,3
3968,3
3969,3
3970,3
3971,3
3972,3
3973,3
3974,3
3975,3
3976,3
3977,4
3978,3
3979,3
3980,3
3981,3
3982,3
3983,3
3984,3
3985,3
3986,3
3987,3
3988,4
3989,3
3990,3
3991,3
3992,3
3993,3
3994,4
3995,3
3996,3
3997,3
3998,3
3999,3
4000,3
4001,3
4002,3
4003,3
4004,3
4005,3
4006,4
4007,3
4008,3
4009,3
4010,3
4011,3
4012,3
4013,3
4014,3
4015,3
4016,3
4017,4
4018,3
4019,3
4020,4
4021,3
4022,3
4023,3
4024,3
4025,3
4026,3
4027,3
4028,3
4029,3
4030,3
4031,3
4032,3
4033,3
4034,3
4035,3
4036,3
4037,3
4038,3
4039,3
4040,3
4041,3
4042,3
4043,3
4044,3
4045,3
4046,3
4047,3
4048,3
4049,4
4050,3
4051,3
4052,3
4053,3
4054,4
4055,3
4056,3
4057,3
4058,4
4059,2
4060,3
4061,4
4062,2
4063,3
4064,3
4065,3
4066,3
4067,3
4068,3
4069,3
4070,4
4071,3
4072,3
4073,2
4074,3
4075,3
4076,3
4077,3
4078,3
4079,3
4080,3
4081,3
4082,3
4083,4
4084,3
4085,3
4086,2
4087,3
4088,2
4089,3
4090,3
4091,4
4092,3
4093,3
4094,3
4095,3
4096,3
4097,3
4098,3
4099,3
4100,3
4101,3
4102,3
4103,4
4104,3
4105,3
4106,3
4107,3
4108,3
4109,3
4110,3
4111,3
4112,3
4113,3
4114,3
4115,4
4116,3
4117,3
4118,3
4119,3
4120,3
4121,3
4122,3
4123,2
4124,2
4125,3
4126,3
4127,3
4128,3
4129,3
4130,3
4131,3
4132,3
4133,3
4134,3
4135,3
4136,2
4137,4
4138,3
4139,3
4140,3
4141,3
4142,3
4143,3
4144,3
4145,4
4146,3
4147,3
4148,2
4149,1
4150,1
4151,2
4152,2
4153,1
4154,1
4155,2
4156,1
4157,1
4158,2
4159,2
4160,1
4161,2
4162,1
4163,2
4164,1
4165,1
4166,2
4167,2
4168,1
4169,2
4170,2
4171,1
4172,2
4173,1
4174,1
4175,2
4176,1
4177,2
4178,2
4179,2
4180,2
4181,1
4182,1
4183,1
4184,1
4185,2
4186,1
4187,2
4188,1
4189,1
4190,1
4191,2
4192,2
4193,1
4194,1
4195,1
4196,1
4197,2
4198,2
4199,2
4200,1
4201,1
4202,1
4203,2
4204,2
4205,1
4206,1
4207,2
4208,2
4209,1
4210,2
4211,1
4212,2
4213,1
4214,2
4215,1
4216,2
4217,1
4218,1
4219,1
4220,1
4221,1
4222,1
4223,1
4224,2
4225,2
4226,2
4227,1
4228,1
4229,1
4230,2
4231,2
4232,1
4233,2
4234,1
4235,1
4236,1
4237,2
4238,1
4239,2
4240,1
4241,2
4242,2
4243,1
4244,1
4245,2
4246,2
4247,1
4248,2
4249,2
4250,1
4251,2
4252,2
4253,1
4254,1
4255,1
4256,1
4257,2
4258,1
4259,2
4260,1
4261,1
4262,1
4263,2
4264,2
4265,1
4266,2
4267,1
4268,1
4269,2
4270,1
4271,2
4272,2
4273,1
4274,1
4275,2
4276,1
4277,2
4278,2
4279,1
4280,2
4281,2
4282,1
4283,2
4284,2
4285,1
4286,1
4287,2
4288,2
4289,2
4290,1
4291,2
4292,2
4293,1
4294,2
4295,1
4296,1
4297,1
4298,2
4299,1
4300,2
4301,1
4302,2
4303,1
4304,1
4305,2
4306,2
4307,2
4308,1
4309,1
4310,1
4311,2
4312,1
4313,2
4314,2
4315,2
4316,2
4317,2
4318,1
4319,1
4320,1
4321,1
4322,1
4323,1
4324,1
4325,2
4326,2
4327,1
4328,2
4329,2
4330,1
4331,1
4332,2
4333,2
4334,1
4335,1
4336,1
4337,2
4338,2
4339,2
4340,2
4341,2
4342,2
4343,2
4344,2
4345,2
4346,2
4347,2
4348,2
4349,2
4350,2
4351,2
4352,2
4353,2
4354,2
4355,2
4356,2
4357,2
4358,2
4359,2
4360,2
4361,2
4362,2
4363,2
4364,2
4365,2
4366,2
4367,2
4368,2
4369,2
4370,2
4371,2
4372,2
4373,2
4374,2
4375,2
4376,2
4377,2
4378,2
4379,2
4380,2
4381,2
4382,2
4383,2
4384,2
4385,2
4386,2
4387,2
4388,2
4389,2
4390,2
4391,2
4392,2
4393,2
4394,2
4395,2
4396,2
4397,2
4398,2
4399,2
4400,2
4401,2
4402,2
4403,2
4404,2
4405,2
4406,2
4407,2
4408,2
4409,2
4410,2
4411,2
4412,2
4413,2
4414,2
4415,2
4416,2
4417,2
4418,2
4419,2
4420,2
4421,2
4422,2
4423,2
4424,2
4425,2
4426,2
4427,2
4428,2
4429,2
4430,2
4431,2
4432,2
4433,2
4434,2
4435,2
4436,2
4437,2
4438,2
4439,2
4440,2
4441,2
4442,2
4443,2
4444,2
4445,2
4446,2
4447,2
4448,2
4449,2
4450,2
4451,2
4452,2
4453,2
4454,2
4455,2
4456,2
4457,2
4458,2
4459,2
4460,2
4461,2
4462,2
4463,2
4464,2
4465,2
4466,2
4467,2
4468,2
4469,2
4470,2
4471,2
4472,2
4473,2
4474,2
4475,2
4476,2
4477,2
4478,2
4479,2
4480,2
4481,2
4482,2
4483,2
4484,2
4485,2
4486,2
4487,2
4488,2
4489,2
4490,2
4491,2
4492,2
4493,2
4494,2
4495,2
4496,2
4497,2
4498,2
4499,2
4500,2
4501,2
4502,2
4503,2
4504,2
4505,2
4506,2
4507,2
4508,2
4509,2
4510,2
4511,2
4512,2
4513,2
4514,2
4515,2
4516,2
4517,2
4518,2
4519,2
4520,1
4521,1
4522,1
4523,2
4524,2
4525,1
4526,1
4527,1
4528,1
4529,1
4530,1
4531,2
4532,2
4533,2
4534,1
4535,1
4536,1
4537,1
4538,1
4539,1
4540,1
4541,1
4542,1
4543,1
4544,1
4545,1
4546,1
4547,1
4548,2
4549,2
4550,1
4551,1
4552,2
4553,1
4554,1
4555,1
4556,1
4557,1
4558,1
4559,1
4560,1
4561,2
4562,2
4563,2
4564,2
4565,1
4566,1
4567,1
4568,2
4569,2
4570,2
4571,2
4572,2
4573,2
4574,2
4575,1
4576,1
4577,1
4578,1
4579,1
4580,1
4581,1
4582,1
4583,2
4584,2
4585,1
4586,1
4587,1
4588,1
4589,1
4590,2
4591,2
4592,2
4593,2
4594,1
4595,1
4596,1
4597,2
4598,1
4599,1
4600,1
4601,1
4602,2
4603,1
4604,1
4605,1
4606,2
4607,2
4608,1
4609,2
4610,2
4611,1
4612,1
4613,1
4614,1
4615,1
4616,1
4617,1
4618,2
4619,2
4620,2
4621,2
4622,1
4623,1
4624,1
4625,2
4626,2
4627,2
4628,1
4629,1
4630,1
4631,2
4632,2
4633,2
4634,2
4635,2
4636,2
4637,2
4638,2
4639,2
4640,2
4641,1
4642,1
4643,2
4644,2
4645,1
4646,1
4647,1
4648,1
4649,1
4650,1
4651,2
4652,2
4653,2
4654,1
4655,1
4656,1
4657,1
4658,1
4659,2
4660,2
4661,2
4662,2
4663,2
4664,2
4665,1
4666,1
4667,1
4668,1
4669,1
4670,2
4671,2
4672,1
4673,1
4674,1
4675,1
4676,2
4677,2
4678,2
4679,2
4680,2
4681,2
4682,2
4683,2
4684,2
4685,2
4686,2
4687,2
4688,2
4689,2
4690,2
4691,2
4692,2
4693,2
4694,2
4695,2
4696,2
4697,2
4698,2
4699,2
4700,2
4701,2
4702,2
4703,2
4704,2
4705,2
4706,2
4707,2
4708,2
4709,2
4710,2
4711,2
4712,2
4713,2
4714,2
4715,2
4716,2
4717,2
4718,2
4719,2
4720,2
4721,2
4722,2
4723,2
4724,2
4725,2
4726,2
4727,2
4728,2
4729,2
4730,2
4731,2
4732,2
4733,2
4734,2
4735,2
4736,2
4737,2
4738,2
4739,2
4740,2
4741,2
4742,2
4743,2
4744,2
4745,2
4746,2
4747,2
4748,2
4749,2
4750,2
4751,2
4752,2
4753,2
4754,2
4755,2
4756,2
4757,2
4758,2
4759,2
4760,2
4761,2
4762,2
4763,2
4764,2
4765,2
4766,2
4767,2
4768,2
4769,2
4770,2
4771,2
4772,2
4773,2
4774,2
4775,2
4776,2
4777,2
4778,2
4779,2
4780,2
4781,2
4782,2
4783,2
4784,2
4785,2
4786,2
4787,2
4788,2
4789,2
4790,2
4791,2
4792,2
4793,2
4794,2
4795,2
4796,2
4797,2
4798,2
4799,2
4800,2
4801,2
4802,2
4803,2
4804,2
4805,2
4806,2
4807,2
4808,2
4809,2
4810,2
4811,2
4812,2
4813,2
4814,2
4815,2
4816,2
4817,2
4818,2
4819,2
4820,2
4821,2
4822,2
4823,2
4824,2
4825,2
4826,2
4827,2
4828,2
4829,2
4830,2
4831,2
4832,2
4833,2
4834,2
4835,2
4836,2
4837,2
4838,2
4839,2
4840,2
4841,2
4842,2
4843,2
4844,2
4845,2
4846,2
4847,2
4848,2
4849,2
4850,2
4851,2
4852,2
4853,2
4854,2
4855,2
4856,2
4857,2
4858,2
4859,2
4860,2
4861,2
4862,2
4863,2
4864,2
4865,2
4866,2
4867,2
4868,2
4869,2
4870,2
4871,2
4872,2
4873,2
4874,2
4875,2
4876,2
4877,2
4878,2
4879,2
4880,3
4881,2
4882,2
4883,2
4884,2
4885,2
4886,2
4887,2
4888,2
4889,2
4890,2
4891,2
4892,2
4893,2
4894,2
4895,2
4896,4
4897,3
4898,3
4899,3
4900,3
4901,4
4902,3
4903,3
4904,4
4905,3
4906,3
4907,3
4908,3
4909,3
4910,4
4911,3
4912,3
4913,3
4914,3
4915,3
4916,3
4917,3
4918,3
4919,3
4920,3
4921,4
4922,3
4923,3
4924,3
4925,3
4926,3
4927,4
4928,3
4929,3
4930,3
4931,3
4932,3
4933,3
4934,3
4935,3
4936,3
4937,3
4938,3
4939,3
4940,3
4941,3
4942,3
4943,3
4944,3
4945,3
4946,3
4947,4
4948,3
4949,3
4950,3
4951,3
4952,3
4953,2
4954,2
4955,2
4956,3
4957,3
4958,4
4959,3
4960,4
4961,3
4962,3
4963,3
4964,3
4965,3
4966,3
4967,3
4968,3
4969,3
4970,3
4971,3
4972,3
4973,3
4974,3
4975,3
4976,3
4977,3
4978,3
4979,3
4980,3
4981,3
4982,3
4983,3
4984,3
4985,3
4986,3
4987,3
4988,3
4989,3
4990,3
4991,3
4992,3
4993,3
4994,3
4995,3
4996,3
4997,3
4998,3
4999,3
5000,3
5001,3
5002,3
5003,3
5004,3
5005,3
5006,3
5007,3
5008,3
5009,3
5010,4
5011,4
5012,3
5013,3
5014,3
5015,3
5016,3
5017,3
5018,3
5019,3
5020,3
5021,3
5022,3
5023,3
5024,3
5025,3
5026,3
5027,3
5028,3
5029,3
5030,3
5031,3
5032,3
5033,3
5034,3
5035,3
5036,4
5037,3
5038,3
5039,3
5040,4
5041,3
5042,3
5043,3
5044,3
5045,3
5046,3
5047,3
5048,3
5049,3
5050,3
5051,4
5052,3
5053,3
5054,3
5055,3
5056,3
5057,3
5058,3
5059,3
5060,3
5061,3
5062,3
5063,3
5064,3
5065,3
5066,3
5067,3
5068,3
5069,3
5070,3
5071,3
5072,3
5073,3
5074,3
5075,3
5076,3
5077,3
5078,3
5079,3
5080,3
5081,3
5082,3
5083,3
5084,3
5085,3
5086,3
5087,3
5088,3
5089,3
5090,3
5091,3
5092,3
5093,3
5094,3
5095,3
5096,3
5097,3
5098,3
5099,3
5100,3
5101,3
5102,3
5103,3
5104,4
5105,3
5106,3
5107,3
5108,3
5109,2
5110,3
5111,3
5112,3
5113,3
5114,3
5115,3
5116,3
5117,3
5118,3
5119,3
5120,3
5121,3
5122,3
5123,3
5124,3
5125,3
5126,3
5127,3
5128,3
5129,3
5130,3
5131,3
5132,3
5133,3
5134,3
5135,3
5136,3
5137,3
5138,3
5139,3
5140,3
5141,3
5142,3
5143,3
5144,3
5145,3
5146,3
5147,3
5148,4
5149,3
5150,3
5151,3
5152,4
5153,3
5154,3
5155,3
5156,4
5157,3
5158,3
5159,4
5160,3
5161,3
5162,3
5163,3
5164,3
5165,3
5166,3
5167,3
5168,3
5169,3
5170,3
5171,3
5172,3
5173,3
5174,3
5175,3
5176,3
5177,3
5178,3
5179,3
5180,4
5181,3
5182,3
5183,3
5184,3
5185,3
5186,3
5187,4
5188,3
5189,3
5190,3
5191,3
5192,3
5193,3
5194,3
5195,4
5196,3
5197,3
5198,3
5199,3
5200,3
5201,3
5202,4
5203,3
5204,3
5205,4
5206,3
5207,3
5208,3
5209,3
5210,3
5211,3
5212,3
5213,3
5214,3
5215,3
5216,3
5217,3
5218,3
5219,3
5220,3
5221,3
5222,3
5223,3
5224,3
5225,3
5226,3
5227,3
5228,3
5229,3
5230,3
5231,3
5232,3
5233,3
5234,3
5235,4
5236,3
5237,3
5238,3
5239,3
5240,3
5241,3
5242,3
5243,3
5244,3
5245,3
5246,3
5247,3
5248,3
5249,3
5250,3
5251,3
5252,3
5253,3
5254,3
5255,3
5256,3
5257,3
5258,3
5259,3
5260,3
5261,3
5262,3
5263,3
5264,3
5265,4
5266,3
5267,3
5268,3
5269,4
5270,3
5271,3
5272,3
5273,4
5274,3
5275,3
5276,3
5277,3
5278,3
5279,3
5280,3
5281,3
5282,3
5283,4
5284,4
5285,3
5286,3
5287,3
5288,3
5289,3
5290,3
5291,3
5292,3
5293,3
5294,3
5295,3
5296,3
5297,3
5298,3
5299,3
5300,3
5301,3
5302,4
5303,3
5304,3
5305,3
5306,3
5307,4
5308,3
5309,3
5310,3
5311,3
5312,3
5313,3
5314,3
5315,3
5316,4
5317,4
5318,3
5319,3
5320,3
5321,3
5322,3
5323,3
5324,3
5325,3
5326,3
5327,3
5328,3
5329,3
5330,3
5331,3
5332,3
5333,3
5334,3
5335,3
5336,3
5337,2
5338,4
5339,4
5340,3
5341,3
5342,3
5343,3
5344,3
5345,3
5346,3
5347,3
5348,3
5349,4
5350,3
5351,3
5352,3
5353,3
5354,3
5355,3
5356,3
5357,3
5358,3
5359,3
5360,3
5361,3
5362,3
5363,3
5364,3
5365,4
5366,3
5367,4
5368,3
5369,3
5370,3
5371,3
5372,3
5373,3
5374,3
5375,3
5376,3
5377,3
5378,4
5379,3
5380,3
5381,3
5382,3
5383,3
5384,3
5385,3
5386,3
5387,3
5388,3
5389,3
5390,3
5391,3
5392,3
5393,3
5394,3
5395,3
5396,3
5397,3
5398,3
5399,3
5400,3
5401,3
5402,3
5403,3
5404,2
5405,4
5406,3
5407,3
5408,3
5409,3
5410,4
5411,3
5412,3
5413,4
5414,3
5415,3
5416,3
5417,3
5418,3
5419,3
5420,3
5421,4
5422,3
5423,4
5424,3
5425,3
5426,3
5427,3
5428,3
5429,3
5430,3
5431,3
5432,3
5433,3
5434,3
5435,3
5436,3
5437,3
5438,3
5439,3
5440,3
5441,3
5442,4
5443,3
5444,3
5445,3
5446,3
5447,3
5448,3
5449,3
5450,3
5451,3
5452,4
5453,3
5454,3
5455,4
5456,3
5457,3
5458,3
5459,3
5460,3
5461,3
5462,3
5463,3
5464,3
5465,3
5466,3
5467,4
5468,3
5469,3
5470,3
5471,3
5472,3
5473,3
5474,3
5475,3
5476,3
5477,4
5478,3
5479,4
5480,2
5481,3
5482,3
5483,3
5484,3
5485,3
5486,3
5487,3
5488,3
5489,3
5490,3
5491,3
5492,3
5493,3
5494,3
5495,3
5496,3
5497,3
5498,3
5499,4
5500,3
5501,3
5502,3
5503,4
5504,3
5505,3
5506,3
5507,3
5508,3
5509,3
5510,3
5511,4
5512,4
5513,3
5514,3
5515,3
5516,3
5517,3
5518,3
5519,3
5520,3
5521,3
5522,3
5523,2
5524,2
5525,2
5526,2
5527,2
5528,2
5529,2
5530,2
5531,2
5532,2
5533,2
5534,2
5535,2
5536,1
5537,1
5538,1
5539,1
5540,1
5541,1
5542,1
5543,1
5544,2
5545,2
5546,2
5547,2
5548,2
5549,2
5550,2
5551,2
5552,2
5553,1
5554,1
5555,1
5556,1
5557,2
5558,1
5559,2
5560,2
5561,2
5562,2
5563,2
5564,2
5565,2
5566,2
5567,2
5568,2
5569,2
5570,2
5571,2
5572,1
5573,1
5574,1
5575,1
5576,1
5577,1
5578,1
5579,2
5580,2
5581,2
5582,2
5583,2
5584,2
5585,2
5586,2
5587,2
5588,2
5589,2
5590,2
5591,2
5592,1
5593,1
5594,1
5595,1
5596,2
5597,1
5598,2
5599,2
5600,2
5601,2
5602,2
5603,2
5604,2
5605,2
5606,2
5607,2
5608,2
5609,2
5610,2
5611,2
5612,2
5613,1
5614,1
5615,1
5616,1
5617,1
5618,1
5619,1
5620,1
5621,2
5622,2
5623,2
5624,2
5625,2
5626,2
5627,2
5628,2
5629,2
5630,2
5631,2
5632,2
5633,2
5634,1
5635,1
5636,1
5637,1
5638,2
5639,1
5640,2
5641,2
5642,2
5643,2
5644,2
5645,2
5646,2
5647,2
5648,2
5649,2
5650,1
5651,1
5652,1
5653,1
5654,1
5655,1
5656,1
5657,1
5658,2
5659,2
5660,1
5661,1
5662,1
5663,2
5664,2
5665,2
5666,2
5667,1
5668,1
5669,1
5670,2
5671,2
5672,2
5673,2
5674,2
5675,2
5676,2
5677,2
5678,2
5679,1
5680,1
5681,2
5682,2
5683,2
5684,2
5685,2
5686,1
5687,1
5688,1
5689,2
5690,2
5691,2
5692,2
5693,2
5694,2
5695,1
5696,1
5697,2
5698,2
5699,2
5700,1
5701,1
5702,1
5703,2
5704,2
5705,2
5706,2
5707,2
5708,2
5709,2
5710,2
5711,2
5712,2
5713,1
5714,1
5715,2
5716,2
5717,2
5718,2
5719,2
5720,1
5721,1
5722,2
5723,2
5724,2
5725,2
5726,2
5727,2
5728,2
5729,2
5730,2
5731,1
5732,1
5733,1
5734,1
5735,2
5736,2
5737,2
5738,1
5739,1
5740,1
5741,2
5742,2
5743,2
5744,2
5745,2
5746,2
5747,1
5748,2
5749,2
5750,2
5751,2
5752,1
5753,2
5754,2
5755,2
5756,2
5757,2
5758,2
5759,2
5760,1
5761,1
5762,2
5763,1
5764,2
5765,2
5766,1
5767,1
5768,1
5769,1
5770,1
5771,1
5772,1
5773,1
5774,1
5775,1
5776,1
5777,2
5778,2
5779,2
5780,2
5781,2
5782,2
5783,2
5784,2
5785,1
5786,2
5787,2
5788,2
5789,2
5790,2
5791,2
5792,2
5793,2
5794,2
5795,2
5796,2
5797,2
5798,2
5799,3
5800,2
5801,2
5802,2
5803,2
5804,2
5805,2
5806,2
5807,2
5808,2
5809,2
5810,2
5811,2
5812,2
5813,2
5814,2
5815,2
5816,2
5817,2
5818,2
5819,2
5820,2
5821,2
5822,2
5823,2
5824,2
5825,2
5826,2
5827,2
5828,2
5829,2
5830,2
5831,2
5832,2
5833,2
5834,2
5835,2
5836,2
5837,2
5838,2
5839,2
5840,2
5841,2
5842,2
5843,2
5844,2
5845,2
5846,2
5847,2
5848,2
5849,2
5850,2
5851,2
5852,2
5853,2
5854,2
5855,2
5856,2
5857,2
5858,2
5859,3
5860,2
5861,2
5862,2
5863,2
5864,4
5865,4
5866,4
5867,4
5868,4
5869,4
5870,3
5871,3
5872,3
5873,3
5874,3
5875,3
5876,3
5877,3
5878,3
5879,3
5880,3
5881,3
5882,3
5883,3
5884,3
5885,3
5886,3
5887,3
5888,3
5889,3
5890,3
5891,3
5892,3
5893,3
5894,3
5895,3
5896,3
5897,3
5898,3
5899,3
5900,3
5901,3
5902,3
5903,4
5904,4
5905,4
5906,4
5907,4
5908,4
5909,3
5910,3
5911,3
5912,3
5913,3
5914,3
5915,3
5916,3
5917,3
5918,3
5919,3
5920,3
5921,3
5922,3
5923,3
5924,3
5925,3
5926,3
5927,3
5928,3
5929,3
5930,3
5931,3
5932,3
5933,3
5934,3
5935,3
5936,3
5937,3
5938,3
5939,3
5940,3
5941,3
5942,3
5943,4
5944,4
5945,3
5946,4
5947,4
5948,4
5949,4
5950,3
5951,3
5952,3
5953,3
5954,3
5955,3
5956,3
5957,3
5958,3
5959,3
5960,3
5961,3
5962,4
5963,3
5964,3
5965,3
5966,3
5967,3
5968,3
5969,3
5970,3
5971,3
5972,3
5973,3
5974,3
5975,3
5976,3
5977,3
5978,3
5979,3
5980,3
5981,4
5982,4
5983,4
5984,4
5985,4
5986,4
5987,4
5988,4
5989,3
5990,3
5991,3
5992,3
5993,3
5994,3
5995,3
5996,3
5997,3
5998,3
5999,3
6000,3
6001,3
6002,3
6003,3
6004,3
6005,3
6006,3
6007,3
6008,3
6009,3
6010,3
6011,3
6012,3
6013,3
6014,3
6015,3
6016,3
6017,3
6018,3
6019,3
6020,3
6021,3
6022,4
6023,4
6024,4
6025,4
6026,4
6027,4
6028,4
6029,4
6030,4
6031,3
6032,3
6033,3
6034,3
6035,3
6036,3
6037,3
6038,3
6039,3
6040,3
6041,3
6042,3
6043,3
6044,3
6045,3
6046,3
6047,3
6048,3
6049,3
6050,3
6051,3
6052,3
6053,3
6054,3
6055,3
6056,3
6057,3
6058,3
6059,3
6060,3
6061,3
6062,3
6063,3
6064,3
6065,3
6066,3
6067,3
6068,3
6069,3
6070,4
6071,4
6072,4
6073,4
6074,4
6075,4
6076,4
6077,3
6078,4
6079,3
6080,3
6081,3
6082,3
6083,3
6084,3
6085,3
6086,3
6087,3
6088,3
6089,3
6090,3
6091,3
6092,3
6093,3
6094,3
6095,3
6096,3
6097,3
6098,3
6099,3
6100,3
6101,3
6102,3
6103,3
6104,3
6105,3
6106,3
6107,3
6108,3
6109,3
6110,3
6111,3
6112,2
6113,4
6114,4
6115,4
6116,4
6117,4
6118,4
6119,4
6120,3
6121,3
6122,3
6123,3
6124,3
6125,3
6126,3
6127,3
6128,3
6129,3
6130,3
6131,3
6132,3
6133,3
6134,3
6135,3
6136,3
6137,3
6138,3
6139,3
6140,3
6141,3
6142,3
6143,3
6144,3
6145,3
6146,3
6147,3
6148,3
6149,3
6150,3
6151,3
6152,3
6153,3
6154,3
6155,3
6156,3
6157,3
6158,3
6159,3
6160,3
6161,3
6162,3
6163,3
6164,3
6165,3
6166,3
6167,3
6168,3
6169,3
6170,3
6171,3
6172,3
6173,3
6174,3
6175,3
6176,3
6177,3
6178,3
6179,3
6180,3
6181,3
6182,3
6183,3
6184,3
6185,3
6186,3
6187,3
6188,3
6189,3
6190,3
6191,3
6192,3
6193,3
6194,3
6195,3
6196,3
6197,4
6198,4
6199,4
6200,4
6201,3
6202,3
6203,3
6204,3
6205,3
6206,3
6207,3
6208,3
6209,3
6210,3
6211,3
6212,3
6213,3
6214,3
6215,3
6216,3
6217,2
6218,3
6219,3
6220,3
6221,3
6222,3
6223,3
6224,3
6225,3
6226,3
6227,3
6228,3
6229,3
6230,3
6231,3
6232,3
6233,3
6234,3
6235,3
6236,3
6237,3
6238,3
6239,3
6240,3
6241,3
6242,3
6243,3
6244,4
6245,4
6246,4
6247,4
6248,3
6249,3
6250,3
6251,3
6252,3
6253,3
6254,3
6255,3
6256,3
6257,3
6258,3
6259,3
6260,4
6261,4
6262,2
6263,3
6264,3
6265,3
6266,3
6267,3
6268,3
6269,3
6270,3
6271,3
6272,3
6273,3
6274,3
6275,3
6276,3
6277,3
6278,3
6279,3
6280,3
6281,3
6282,3
6283,3
6284,3
6285,3
6286,3
6287,3
6288,3
6289,3
6290,3
6291,3
6292,4
6293,4
6294,2
6295,3
6296,3
6297,3
6298,3
6299,3
6300,3
6301,3
6302,3
6303,3
6304,3
6305,3
6306,3
6307,4
6308,3
6309,3
6310,3
6311,3
6312,3
6313,3
6314,3
6315,3
6316,3
6317,3
6318,3
6319,3
6320,3
6321,3
6322,3
6323,3
6324,3
6325,3
6326,3
6327,3
6328,3
6329,3
6330,3
6331,3
6332,3
6333,3
6334,3
6335,3
6336,3
6337,4
6338,4
6339,4
6340,3
6341,3
6342,3
6343,3
6344,3
6345,3
6346,3
6347,3
6348,3
6349,3
6350,3
6351,4
6352,4
6353,2
6354,3
6355,3
6356,3
6357,3
6358,3
6359,3
6360,3
6361,3
6362,3
6363,3
6364,3
6365,3
6366,3
6367,3
6368,3
6369,3
6370,3
6371,3
6372,3
6373,3
6374,3
6375,3
6376,3
6377,3
6378,3
6379,3
6380,3
6381,3
6382,3
6383,4
6384,4
6385,4
6386,3
6387,3
6388,3
6389,3
6390,3
6391,3
6392,3
6393,3
6394,3
6395,3
6396,3
6397,3
6398,4
6399,2
6400,3
6401,3
6402,3
6403,3
6404,3
6405,3
6406,3
6407,3
6408,3
6409,3
6410,3
6411,3
6412,3
6413,3
6414,3
6415,3
6416,3
6417,3
6418,3
6419,3
6420,3
6421,3
6422,3
6423,4
6424,4
6425,4
6426,4
6427,4
6428,4
6429,3
6430,3
6431,3
6432,3
6433,3
6434,3
6435,4
6436,3
6437,3
6438,3
6439,4
6440,3
6441,3
6442,3
6443,4
6444,3
6445,3
6446,3
6447,3
6448,3
6449,3
6450,1
6451,2
6452,3
6453,3
6454,3
6455,3
6456,4
6457,3
6458,3
6459,3
6460,3
6461,3
6462,3
6463,3
6464,3
6465,3
6466,3
6467,3
6468,3
6469,3
6470,3
6471,3
6472,3
6473,3
6474,3
6475,2
6476,2
6477,2
6478,2
6479,2
6480,3
6481,3
6482,3
6483,3
6484,3
6485,3
6486,3
6487,3
6488,3
6489,3
6490,3
6491,3
6492,3
6493,3
6494,3
6495,3
6496,3
6497,3
6498,3
6499,4
6500,2
6501,3
6502,3
6503,3
6504,3
6505,3
6506,3
6507,3
6508,1
6509,3
6510,4
6511,3
6512,4
6513,4
6514,3
6515,3
6516,3
6517,4
6518,3
6519,4
6520,3
6521,3
6522,3
6523,3
6524,3
6525,4
6526,3
6527,3
6528,4
6529,3
6530,3
6531,3
6532,3
6533,4
6534,1
6535,4
6536,4
6537,3
6538,3
6539,3
6540,3
6541,3
6542,3
6543,2
6544,4
6545,2
6546,3
6547,3
6548,4
6549,3
6550,3
6551,2
6552,3
6553,3
6554,3
6555,3
6556,3
6557,3
6558,3
6559,3
6560,3
6561,3
6562,3
6563,4
6564,4
6565,3
6566,3
6567,3
6568,3
6569,3
6570,3
6571,3
6572,3
6573,3
6574,3
6575,3
6576,3
6577,3
6578,3
6579,3
6580,4
6581,1
6582,3
6583,2
6584,4
6585,3
6586,3
6587,3
6588,2
6589,3
6590,3
6591,3
6592,3
6593,3
6594,3
6595,4
6596,3
6597,3
6598,3
6599,3
6600,3
6601,3
6602,3
6603,3
6604,3
6605,3
6606,3
6607,4
6608,3
6609,3
6610,2
6611,3
6612,2
6613,4
6614,4
6615,2
6616,3
6617,3
6618,3
6619,3
6620,4
6621,3
6622,3
6623,3
6624,3
6625,3
6626,3
6627,3
6628,3
6629,3
6630,3
6631,3
6632,3
6633,3
6634,4
6635,3
6636,3
6637,3
6638,3
6639,3
6640,3
6641,4
6642,2
6643,3
6644,3
6645,3
6646,2
6647,3
6648,3
6649,3
6650,3
6651,3
6652,3
6653,3
6654,3
6655,3
6656,3
6657,1
6658,2
6659,3
6660,4
6661,3
6662,3
6663,3
6664,3
6665,3
6666,2
6667,3
6668,3
6669,3
6670,3
6671,4
6672,3
6673,3
6674,1
6675,3
6676,3
6677,3
6678,3
6679,3
6680,3
6681,3
6682,3
6683,2
6684,1
6685,3
6686,3
6687,2
6688,3
6689,3
6690,3
6691,3
6692,1
6693,2
6694,3
6695,4
6696,3
6697,3
6698,3
6699,3
6700,3
6701,3
6702,3
6703,3
6704,3
6705,3
6706,3
6707,3
6708,4
6709,3
6710,3
6711,3
6712,3
6713,3
6714,3
6715,3
6716,3
6717,3
6718,4
6719,3
6720,3
6721,3
6722,3
6723,3
6724,3
6725,3
6726,3
6727,3
6728,3
6729,3
6730,3
6731,2
6732,3
6733,3
6734,3
6735,3
6736,3
6737,3
6738,3
6739,3
6740,3
6741,3
6742,3
6743,3
6744,2
6745,3
6746,3
6747,3
6748,2
6749,3
6750,3
6751,3
6752,3
6753,3
6754,4
6755,3
6756,3
6757,4
6758,3
6759,3
6760,3
6761,2
6762,2
6763,2
6764,2
6765,2
6766,2
6767,2
6768,2
6769,2
6770,2
6771,2
6772,2
6773,2
6774,2
6775,2
6776,2
6777,2
6778,2
6779,2
6780,2
6781,2
6782,2
6783,2
6784,2
6785,2
6786,2
6787,2
6788,2
6789,2
6790,2
6791,2
6792,2
6793,2
6794,2
6795,2
6796,2
6797,2
6798,2
6799,2
6800,2
6801,2
6802,2
6803,2
6804,2
6805,2
6806,2
6807,2
6808,2
6809,2
6810,2
6811,2
6812,2
6813,2
6814,2
6815,2
6816,3
6817,2
6818,2
6819,2
6820,2
6821,2
6822,2
6823,2
6824,2
6825,2
6826,2
6827,2
6828,2
6829,2
6830,1
6831,1
6832,2
6833,1
6834,1
6835,2
6836,1
6837,2
6838,2
6839,1
6840,1
6841,1
6842,2
6843,2
6844,1
6845,2
6846,2
6847,1
6848,2
6849,2
6850,2
6851,2
6852,1
6853,1
6854,1
6855,1
6856,1
6857,2
6858,2
6859,2
6860,2
6861,1
6862,1
6863,2
6864,1
6865,1
6866,1
6867,2
6868,2
6869,1
6870,1
6871,1
6872,1
6873,1
6874,1
6875,1
6876,1
6877,1
6878,2
6879,1
6880,2
6881,2
6882,2
6883,2
6884,2
6885,2
6886,1
6887,1
6888,1
6889,2
6890,2
6891,1
6892,1
6893,1
6894,2
6895,2
6896,2
6897,2
6898,2
6899,1
6900,1
6901,2
6902,1
6903,2
6904,1
6905,2
6906,3
6907,3
6908,3
6909,3
6910,4
6911,3
6912,3
6913,3
6914,4
6915,3
6916,3
6917,3
6918,3
6919,3
6920,3
6921,3
6922,3
6923,4
6924,3
6925,4
6926,3
6927,3
6928,4
6929,3
6930,3
6931,3
6932,3
6933,4
6934,3
6935,3
6936,3
6937,3
6938,3
6939,4
6940,4
6941,3
6942,3
6943,3
6944,3
6945,4
6946,3
6947,3
6948,3
6949,3
6950,3
6951,3
6952,3
6953,3
6954,3
6955,3
6956,3
6957,4
6958,3
6959,4
6960,3
6961,3
6962,3
6963,2
6964,3
6965,2
6966,2
6967,2
6968,2
6969,2
6970,2
6971,2
6972,2
6973,2
6974,2
6975,2
6976,2
6977,2
6978,2
6979,2
6980,2
6981,2
6982,2
6983,2
6984,2
6985,2
6986,2
6987,3
6988,2
6989,2
6990,2
6991,2
6992,2
6993,2
6994,2
6995,2
6996,2
6997,2
6998,2
6999,2
7000,2
7001,2
7002,2
7003,2
7004,2
7005,2
7006,2
7007,2
7008,2
7009,2
7010,2
7011,2
7012,2
7013,2
7014,2
7015,2
7016,2
7017,2
7018,2
7019,2
7020,1
7021,2
7022,1
7023,2
7024,1
7025,2
7026,2
7027,2
7028,2
7029,1
7030,2
7031,1
7032,2
7033,1
7034,1
7035,1
7036,1
7037,2
7038,1
7039,2
7040,1
7041,2
7042,1
7043,2
7044,1
7045,1
7046,2
7047,1
7048,1
7049,2
7050,1
7051,1
7052,1
7053,2
7054,1
7055,1
7056,2
7057,2
7058,2
7059,2
7060,1
7061,2
7062,1
7063,1
7064,2
7065,2
7066,1
7067,1
7068,1
7069,2
7070,2
7071,2
7072,1
7073,3
7074,3
7075,3
7076,2
7077,3
7078,3
7079,3
7080,3
7081,3
7082,3
7083,3
7084,3
7085,3
7086,3
7087,4
7088,3
7089,3
7090,3
7091,3
7092,3
7093,3
7094,3
7095,3
7096,3
7097,3
7098,3
7099,3
7100,3
7101,3
7102,3
7103,3
7104,4
7105,3
7106,3
7107,4
7108,3
7109,3
7110,3
7111,3
7112,3
7113,4
7114,3
7115,3
7116,3
7117,3
7118,3
7119,4
7120,3
7121,3
7122,4
7123,3
7124,3
7125,3
7126,3
7127,3
7128,3
7129,3
7130,3
7131,3
7132,4
7133,3
7134,3
7135,3
7136,4
7137,3
7138,3
7139,4
7140,3
7141,3
7142,3
7143,3
7144,3
7145,4
7146,3
7147,3
7148,3
7149,3
7150,2
7151,3
7152,3
7153,3
7154,2
7155,3
7156,3
7157,3
7158,3
7159,3
7160,3
7161,3
7162,3
7163,4
7164,4
7165,3
7166,3
7167,3
7168,3
7169,3
7170,3
7171,3
7172,3
7173,3
7174,3
7175,3
7176,3
7177,3
7178,3
7179,3
7180,3
7181,3
7182,3
7183,4
7184,4
7185,4
7186,3
7187,3
7188,3
7189,3
7190,3
7191,3
7192,3
7193,3
7194,3
7195,3
7196,4
7197,3
7198,3
7199,3
7200,3
7201,3
7202,3
7203,3
7204,3
7205,3
7206,3
7207,3
7208,4
7209,3
7210,3
7211,3
7212,3
7213,3
7214,3
7215,3
7216,3
7217,3
7218,3
7219,3
7220,3
7221,3
7222,3
7223,3
7224,3
7225,3
7226,3
7227,3
7228,3
7229,3
7230,3
7231,3
7232,3
7233,3
7234,3
7235,3
7236,3
7237,3
7238,3
7239,3
7240,3
7241,3
7242,3
7243,3
7244,3
7245,3
7246,3
7247,3
7248,3
7249,3
7250,3
7251,3
7252,3
7253,3
7254,3
7255,3
7256,3
7257,3
7258,3
7259,3
7260,3
7261,3
7262,3
7263,3
7264,3
7265,2
7266,3
7267,3
7268,3
7269,3
7270,3
7271,3
7272,3
7273,3
7274,3
7275,3
7276,3
7277,3
7278,3
7279,3
7280,3
7281,3
7282,3
7283,3
7284,3
7285,1
7286,3
7287,2
7288,3
7289,3
7290,4
7291,1
7292,2
7293,2
7294,2
7295,2
7296,2
7297,2
7298,2
7299,2
7300,2
7301,2
7302,2
7303,2
7304,2
7305,2
7306,2
7307,2
7308,2
7309,2
7310,2
7311,2
7312,2
7313,2
7314,2
7315,1
7316,1
7317,1
7318,1
7319,1
7320,2
7321,4
7322,3
7323,2
7324,2
7325,2
7326,3
7327,3
7328,3
7329,3
7330,2
7331,3
7332,3
7333,4
7334,3
7335,3
7336,2
7337,2
7338,2
7339,3
7340,3
7341,2
7342,4
7343,3
7344,2
7345,2
7346,4
7347,3
7348,NA
7349,4
7350,2
7351,2
7352,4
7353,2
7354,3
7355,2
7356,2
7357,2
7358,2
7359,3
7360,2
7361,3
7362,3
7363,2
7364,2
7365,3
7366,3
7367,2
7368,2
7369,4
7370,4
7371,2
7372,2
7373,3
7374,2
7375,3
7376,2
7377,2
7378,2
7379,2
7380,2
7381,2
7382,3
7383,2
7384,3
7385,3
7386,3
7387,2
7388,2
7389,2
7390,2
7391,3
7392,4
7393,3
7394,4
7395,2
7396,2
7397,3
7398,2
7399,3
7400,3
7401,3
7402,2
7403,2
7404,2
7405,2
7406,3
7407,3
7408,2
7409,3
7410,2
7411,2
7412,2
7413,2
7414,2
7415,2
7416,3
7417,3
7418,2
7419,3
7420,3
7421,2
7422,3
7423,4
7424,3
7425,2
7426,3
7427,2
7428,4
7429,2
7430,2
7431,3
7432,2
7433,3
7434,2
7435,2
7436,3
7437,2
7438,2
7439,1
7440,1
7441,4
7442,4
7443,3
7444,4
7445,4
7446,3
7447,3
7448,3
7449,3
7450,3
7451,3
7452,3
7453,4
7454,3
7455,3
7456,3
7457,4
7458,4
7459,4
7460,4
7461,4
7462,3
7463,3
7464,4
7465,3
7466,3
7467,3
7468,3
7469,3
7470,3
7471,4
7472,4
7473,3
7474,1
7475,3
7476,3
7477,4
7478,4
7479,3
7480,4
7481,3
7482,2
7483,3
7484,3
7485,3
7486,3
7487,3
7488,1
7489,3
7490,4
7491,3
7492,3
7493,4
7494,3
7495,3
7496,3
7497,3
7498,3
7499,3
7500,3
7501,3
7502,3
7503,4
7504,1
7505,3
7506,3
7507,3
7508,4
7509,1
7510,3
7511,2
7512,3
7513,3
7514,3
7515,4
7516,3
7517,3
7518,3
7519,3
7520,3
7521,1
7522,4
7523,4
7524,3
7525,3
7526,3
7527,3
7528,4
7529,3
7530,3
7531,3
7532,3
7533,3
7534,2
7535,3
7536,3
7537,2
7538,3
7539,3
7540,3
7541,3
7542,3
7543,3
7544,3
7545,1
7546,3
7547,3
7548,3
7549,3
7550,3
7551,3
7552,2
7553,2
7554,3
7555,3
7556,3
7557,4
7558,4
7559,3
7560,2
7561,3
7562,1
7563,3
7564,1
7565,4
7566,3
7567,1
7568,2
7569,1
7570,2
7571,1
7572,3
7573,3
7574,2
7575,3
7576,2
7577,3
7578,4
7579,3
7580,4
7581,3
7582,4
7583,3
7584,3
7585,3
7586,2
7587,3
7588,3
7589,3
7590,3
7591,4
7592,3
7593,1
7594,4
7595,4
7596,3
7597,1
7598,NA
7599,3
7600,4
7601,3
7602,3
7603,4
7604,3
7605,3
7606,3
7607,4
7608,3
7609,3
7610,4
7611,3
7612,4
7613,3
7614,3
7615,3
7616,3
7617,3
7618,4
7619,2
7620,4
7621,3
7622,3
7623,2
7624,3
7625,3
7626,3
7627,3
7628,4
7629,4
7630,4
7631,4
7632,4
7633,3
7634,3
7635,4
7636,4
7637,4
7638,3
7639,2
7640,4
7641,4
7642,4
7643,3
7644,4
7645,4
7646,4
7647,3
7648,2
7649,3
7650,2
7651,3
7652,3
7653,3
7654,3
7655,3
7656,4
7657,3
7658,3
7659,3
7660,4
7661,4
7662,3
7663,4
7664,2
7665,4
7666,2
7667,2
7668,3
7669,2
7670,3
7671,3
7672,3
7673,2
7674,2
7675,3
7676,2
7677,2
7678,2
7679,1
7680,1
7681,2
7682,2
7683,1
7684,2
7685,1
7686,2
7687,2
7688,2
7689,1
7690,2
7691,2
7692,2
7693,2
7694,1
7695,2
7696,2
7697,1
7698,4
7699,4
7700,3
7701,3
7702,3
7703,4
7704,3
7705,4
7706,4
7707,2
7708,2
7709,1
7710,2
7711,2
7712,2
7713,2
7714,2
7715,1
7716,2
7717,2
7718,2
7719,1
7720,2
7721,1
7722,1
7723,2
7724,1
7725,2
7726,1
7727,1
7728,2
7729,2
7730,2
7731,2
7732,2
7733,1
7734,2
7735,2
7736,1
7737,1
7738,2
7739,2
7740,1
7741,2
7742,2
7743,2
7744,2
7745,2
7746,2
7747,2
7748,2
7749,2
7750,2
7751,2
7752,2
7753,2
7754,2
7755,2
7756,2
7757,2
7758,2
7759,2
7760,2
7761,2
7762,2
7763,2
7764,2
7765,2
7766,2
7767,2
7768,2
7769,2
7770,2
7771,2
7772,2
7773,2
7774,2
7775,2
7776,2
7777,2
7778,2
7779,2
7780,2
7781,2
7782,2
7783,2
7784,2
7785,2
7786,2
7787,2
7788,2
7789,2
7790,2
7791,2
7792,2
7793,2
7794,2
7795,2
7796,2
7797,2
7798,2
7799,2
7800,2
7801,2
7802,2
7803,2
7804,2
7805,2
7806,2
7807,2
7808,2
7809,2
7810,2
7811,2
7812,2
7813,2
7814,4
7815,4
7816,4
7817,4
7818,3
7819,3
7820,3
7821,3
7822,3
7823,3
7824,3
7825,3
7826,4
7827,4
7828,4
7829,4
7830,4
7831,3
7832,3
7833,3
7834,3
7835,3
7836,4
7837,3
7838,4
7839,4
7840,4
7841,3
7842,3
7843,3
7844,4
7845,3
7846,3
7847,3
7848,4
7849,4
7850,3
7851,3
7852,3
7853,3
7854,3
7855,3
7856,3
7857,3
7858,4
7859,4
7860,4
7861,3
7862,3
7863,3
7864,3
7865,3
7866,3
7867,3
7868,4
7869,4
7870,4
7871,4
7872,4
7873,3
7874,3
7875,3
7876,3
7877,3
7878,3
7879,3
7880,4
7881,4
7882,4
7883,3
7884,3
7885,3
7886,3
7887,3
7888,3
7889,3
7890,3
7891,3
7892,3
7893,3
7894,3
7895,3
7896,3
7897,3
7898,3
7899,3
7900,3
7901,3
7902,4
7903,3
7904,3
7905,3
7906,3
7907,3
7908,3
7909,3
7910,3
7911,3
7912,4
7913,3
7914,3
7915,4
7916,3
7917,3
7918,3
7919,3
7920,4
7921,4
7922,4
7923,3
7924,3
7925,3
7926,3
7927,3
7928,3
7929,3
7930,3
7931,4
7932,4
7933,4
7934,3
7935,3
7936,3
7937,3
7938,3
7939,3
7940,4
7941,2
7942,3
7943,3
7944,3
7945,3
7946,3
7947,4
7948,4
7949,3
7950,3
7951,3
7952,4
7953,3
7954,3
7955,3
7956,3
7957,3
7958,4
7959,4
7960,3
7961,4
7962,3
7963,3
7964,1
7965,3
7966,3
7967,2
7968,2
7969,2
7970,3
7971,3
7972,3
7973,3
7974,3
7975,4
7976,4
7977,4
7978,4
7979,3
7980,4
7981,3
7982,3
7983,4
7984,3
7985,4
7986,3
7987,3
7988,4
7989,2
7990,3
7991,3
7992,3
7993,3
7994,3
7995,2
7996,4
7997,4
7998,4
7999,4
8000,3
8001,4
8002,4
8003,4
8004,4
8005,3
8006,3
8007,3
8008,3
8009,1
8010,2
8011,2
8012,2
8013,2
8014,2
8015,2
8016,2
8017,2
8018,2
8019,2
8020,2
8021,2
8022,2
8023,2
8024,2
8025,2
8026,2
8027,2
8028,2
8029,2
8030,2
8031,2
8032,2
8033,1
8034,1
8035,1
8036,1
8037,1
8038,2
8039,4
8040,3
8041,2
8042,2
8043,2
8044,3
8045,3
8046,3
8047,3
8048,2
8049,3
8050,3
8051,4
8052,3
8053,3
8054,2
8055,2
8056,2
8057,3
8058,3
8059,2
8060,4
8061,3
8062,2
8063,2
8064,4
8065,3
8066,NA
8067,4
8068,2
8069,2
8070,4
8071,2
8072,3
8073,2
8074,2
8075,2
8076,2
8077,3
8078,2
8079,3
8080,3
8081,2
8082,2
8083,3
8084,3
8085,2
8086,2
8087,4
8088,4
8089,2
8090,2
8091,3
8092,2
8093,3
8094,2
8095,2
8096,2
8097,2
8098,2
8099,2
8100,3
8101,2
8102,3
8103,3
8104,3
8105,2
8106,2
8107,2
8108,2
8109,3
8110,4
8111,3
8112,4
8113,2
8114,2
8115,3
8116,2
8117,3
8118,3
8119,3
8120,2
8121,2
8122,2
8123,2
8124,3
8125,3
8126,2
8127,3
8128,2
8129,2
8130,2
8131,2
8132,2
8133,2
8134,3
8135,3
8136,2
8137,3
8138,3
8139,2
8140,3
8141,4
8142,3
8143,2
8144,3
8145,2
8146,4
8147,2
8148,2
8149,3
8150,2
8151,3
8152,2
8153,2
8154,3
8155,2
8156,2
8157,1
8158,1
8159,4
8160,4
8161,3
8162,4
8163,4
8164,3
8165,3
8166,3
8167,3
8168,3
8169,3
8170,3
8171,4
8172,3
8173,3
8174,3
8175,4
8176,4
8177,4
8178,4
8179,4
8180,3
8181,3
8182,4
8183,3
8184,3
8185,3
8186,3
8187,3
8188,3
8189,4
8190,4
8191,3
8192,1
8193,3
8194,3
8195,4
8196,4
8197,3
8198,4
8199,3
8200,2
8201,3
8202,3
8203,3
8204,3
8205,3
8206,1
8207,3
8208,4
8209,3
8210,3
8211,4
8212,3
8213,3
8214,3
8215,3
8216,3
8217,3
8218,3
8219,3
8220,3
8221,4
8222,1
8223,3
8224,3
8225,3
8226,4
8227,1
8228,3
8229,2
8230,3
8231,3
8232,3
8233,4
8234,3
8235,3
8236,3
8237,3
8238,3
8239,1
8240,4
8241,4
8242,3
8243,3
8244,3
8245,3
8246,4
8247,3
8248,3
8249,3
8250,3
8251,3
8252,2
8253,3
8254,3
8255,2
8256,3
8257,3
8258,3
8259,3
8260,3
8261,3
8262,3
8263,1
8264,3
8265,3
8266,3
8267,3
8268,3
8269,3
8270,2
8271,2
8272,3
8273,3
8274,3
8275,4
8276,4
8277,3
8278,2
8279,3
8280,1
8281,3
8282,1
8283,4
8284,3
8285,1
8286,2
8287,1
8288,2
8289,1
8290,3
8291,3
8292,2
8293,3
8294,2
8295,3
8296,4
8297,3
8298,4
8299,3
8300,4
8301,3
8302,3
8303,3
8304,2
8305,3
8306,3
8307,3
8308,3
8309,4
8310,3
8311,1
8312,4
8313,4
8314,3
8315,1
8316,NA
8317,3
8318,4
8319,3
8320,3
8321,4
8322,3
8323,3
8324,3
8325,4
8326,3
8327,3
8328,4
8329,3
8330,4
8331,3
8332,3
8333,3
8334,3
8335,3
8336,4
8337,2
8338,4
8339,3
8340,3
8341,2
8342,3
8343,3
8344,3
8345,3
8346,4
8347,4
8348,4
8349,4
8350,4
8351,3
8352,3
8353,4
8354,4
8355,4
8356,3
8357,2
8358,4
8359,4
8360,4
8361,3
8362,4
8363,4
8364,4
8365,3
8366,2
8367,3
8368,2
8369,3
8370,3
8371,3
8372,3
8373,3
8374,4
8375,3
8376,3
8377,3
8378,4
8379,4
8380,3
8381,4
8382,2
8383,4
8384,2
8385,2
8386,3
8387,2
8388,3
8389,3
8390,3
8391,2
8392,2
8393,3
8394,2
8395,2
8396,2
8397,1
8398,1
8399,2
8400,2
8401,1
8402,2
8403,1
8404,2
8405,2
8406,2
8407,1
8408,2
8409,2
8410,2
8411,2
8412,1
8413,2
8414,2
8415,1
8416,4
8417,4
8418,3
8419,3
8420,3
8421,4
8422,3
8423,4
8424,4
8425,2
8426,2
8427,1
8428,2
8429,2
8430,2
8431,2
8432,2
8433,1
8434,2
8435,2
8436,2
8437,1
8438,2
8439,1
8440,1
8441,2
8442,1
8443,2
8444,1
8445,1
8446,2
8447,2
8448,2
8449,2
8450,2
8451,1
8452,2
8453,2
8454,1
8455,1
8456,2
8457,2
8458,1
8459,2
8460,2
8461,2
8462,2
8463,2
8464,2
8465,2
8466,2
8467,2
8468,2
8469,2
8470,2
8471,2
8472,2
8473,2
8474,2
8475,2
8476,2
8477,2
8478,2
8479,2
8480,2
8481,2
8482,2
8483,2
8484,2
8485,2
8486,2
8487,2
8488,2
8489,2
8490,2
8491,2
8492,2
8493,2
8494,2
8495,2
8496,2
8497,2
8498,2
8499,2
8500,2
8501,2
8502,2
8503,2
8504,2
8505,2
8506,2
8507,2
8508,2
8509,2
8510,2
8511,2
8512,2
8513,2
8514,2
8515,2
8516,2
8517,2
8518,2
8519,2
8520,2
8521,2
8522,2
8523,2
8524,2
8525,2
8526,2
8527,2
8528,2
8529,2
8530,2
8531,2
8532,4
8533,4
8534,4
8535,4
8536,3
8537,3
8538,3
8539,3
8540,3
8541,3
8542,3
8543,3
8544,4
8545,4
8546,4
8547,4
8548,4
8549,3
8550,3
8551,3
8552,3
8553,3
8554,4
8555,3
8556,4
8557,4
8558,4
8559,3
8560,3
8561,3
8562,4
8563,3
8564,3
8565,3
8566,4
8567,4
8568,3
8569,3
8570,3
8571,3
8572,3
8573,3
8574,3
8575,3
8576,4
8577,4
8578,4
8579,3
8580,3
8581,3
8582,3
8583,3
8584,3
8585,3
8586,4
8587,4
8588,4
8589,4
8590,4
8591,3
8592,3
8593,3
8594,3
8595,3
8596,3
8597,3
8598,4
8599,4
8600,4
8601,3
8602,3
8603,3
8604,3
8605,3
8606,3
8607,3
8608,3
8609,3
8610,3
8611,3
8612,3
8613,3
8614,3
8615,3
8616,3
8617,3
8618,3
8619,3
8620,4
8621,3
8622,3
8623,3
8624,3
8625,3
8626,3
8627,3
8628,3
8629,3
8630,4
8631,3
8632,3
8633,4
8634,3
8635,3
8636,3
8637,3
8638,4
8639,4
8640,4
8641,3
8642,3
8643,3
8644,3
8645,3
8646,3
8647,3
8648,3
8649,4
8650,4
8651,4
8652,3
8653,3
8654,3
8655,3
8656,3
8657,3
8658,4
8659,2
8660,3
8661,3
8662,3
8663,3
8664,3
8665,4
8666,4
8667,3
8668,3
8669,3
8670,4
8671,3
8672,3
8673,3
8674,3
8675,3
8676,4
8677,4
8678,3
8679,4
8680,3
8681,3
8682,1
8683,3
8684,3
8685,2
8686,2
8687,2
8688,3
8689,3
8690,3
8691,3
8692,3
8693,4
8694,4
8695,4
8696,4
8697,3
8698,4
8699,3
8700,3
8701,4
8702,3
8703,4
8704,3
8705,3
8706,4
8707,2
8708,3
8709,3
8710,3
8711,3
8712,3
8713,2
8714,4
8715,4
8716,4
8717,4
8718,3
8719,4
8720,4
8721,4
8722,4
8723,3
8724,3
8725,3
8726,3
8727,1
8728,2
8729,2
8730,2
8731,2
8732,2
8733,2
8734,2
8735,2
8736,2
8737,2
8738,2
8739,2
8740,2
8741,2
8742,2
8743,2
8744,2
8745,2
8746,2
8747,2
8748,2
8749,2
8750,2
8751,1
8752,1
8753,1
8754,1
8755,1
8756,2
8757,4
8758,3
8759,2
8760,2
8761,2
8762,3
8763,3
8764,3
8765,3
8766,2
8767,3
8768,3
8769,4
8770,3
8771,3
8772,2
8773,2
8774,2
8775,3
8776,3
8777,2
8778,4
8779,3
8780,2
8781,2
8782,4
8783,3
8784,NA
8785,4
8786,2
8787,2
8788,4
8789,2
8790,3
8791,2
8792,2
8793,2
8794,2
8795,3
8796,2
8797,3
8798,3
8799,2
8800,2
8801,3
8802,3
8803,2
8804,2
8805,4
8806,4
8807,2
8808,2
8809,3
8810,2
8811,3
8812,2
8813,2
8814,2
8815,2
8816,2
8817,2
8818,3
8819,2
8820,3
8821,3
8822,3
8823,2
8824,2
8825,2
8826,2
8827,3
8828,4
8829,3
8830,4
8831,2
8832,2
8833,3
8834,2
8835,3
8836,3
8837,3
8838,2
8839,2
8840,2
8841,2
8842,3
8843,3
8844,2
8845,3
8846,2
8847,2
8848,2
8849,2
8850,2
8851,2
8852,3
8853,3
8854,2
8855,3
8856,3
8857,2
8858,3
8859,4
8860,3
8861,2
8862,3
8863,2
8864,4
8865,2
8866,2
8867,3
8868,2
8869,3
8870,2
8871,2
8872,3
8873,2
8874,2
8875,1
8876,1
8877,4
8878,4
8879,3
8880,4
8881,4
8882,3
8883,3
8884,3
8885,3
8886,3
8887,3
8888,3
8889,4
8890,3
8891,3
8892,3
8893,4
8894,4
8895,4
8896,4
8897,4
8898,3
8899,3
8900,4
8901,3
8902,3
8903,3
8904,3
8905,3
8906,3
8907,4
8908,4
8909,3
8910,1
8911,3
8912,3
8913,4
8914,4
8915,3
8916,4
8917,3
8918,2
8919,3
8920,3
8921,3
8922,3
8923,3
8924,1
8925,3
8926,4
8927,3
8928,3
8929,4
8930,3
8931,3
8932,3
8933,3
8934,3
8935,3
8936,3
8937,3
8938,3
8939,4
8940,1
8941,3
8942,3
8943,3
8944,4
8945,1
8946,3
8947,2
8948,3
8949,3
8950,3
8951,4
8952,3
8953,3
8954,3
8955,3
8956,3
8957,1
8958,4
8959,4
8960,3
8961,3
8962,3
8963,3
8964,4
8965,3
8966,3
8967,3
8968,3
8969,3
8970,2
8971,3
8972,3
8973,2
8974,3
8975,3
8976,3
8977,3
8978,3
8979,3
8980,3
8981,1
8982,3
8983,3
8984,3
8985,3
8986,3
8987,3
8988,2
8989,2
8990,3
8991,3
8992,3
8993,4
8994,4
8995,3
8996,2
8997,3
8998,1
8999,3
9000,1
9001,4
9002,3
9003,1
9004,2
9005,1
9006,2
9007,1
9008,3
9009,3
9010,2
9011,3
9012,2
9013,3
9014,4
9015,3
9016,4
9017,3
9018,4
9019,3
9020,3
9021,3
9022,2
9023,3
9024,3
9025,3
9026,3
9027,4
9028,3
9029,1
9030,4
9031,4
9032,3
9033,1
9034,NA
9035,3
9036,4
9037,3
9038,3
9039,4
9040,3
9041,3
9042,3
9043,4
9044,3
9045,3
9046,4
9047,3
9048,4
9049,3
9050,3
9051,3
9052,3
9053,3
9054,4
9055,2
9056,4
9057,3
9058,3
9059,2
9060,3
9061,3
9062,3
9063,3
9064,4
9065,4
9066,4
9067,4
9068,4
9069,3
9070,3
9071,4
9072,4
9073,4
9074,3
9075,2
9076,4
9077,4
9078,4
9079,3
9080,4
9081,4
9082,4
9083,3
9084,2
9085,3
9086,2
9087,3
9088,3
9089,3
9090,3
9091,3
9092,4
9093,3
9094,3
9095,3
9096,4
9097,4
9098,3
9099,4
9100,2
9101,4
9102,2
9103,2
9104,3
9105,2
9106,3
9107,3
9108,3
9109,2
9110,2
9111,3
9112,2
9113,2
9114,2
9115,1
9116,1
9117,2
9118,2
9119,1
9120,2
9121,1
9122,2
9123,2
9124,2
9125,1
9126,2
9127,2
9128,2
9129,2
9130,1
9131,2
9132,2
9133,1
9134,4
9135,4
9136,3
9137,3
9138,3
9139,4
9140,3
9141,4
9142,4
9143,2
9144,2
9145,1
9146,2
9147,2
9148,2
9149,2
9150,2
9151,1
9152,2
9153,2
9154,2
9155,1
9156,2
9157,1
9158,1
9159,2
9160,1
9161,2
9162,1
9163,1
9164,2
9165,2
9166,2
9167,2
9168,2
9169,1
9170,2
9171,2
9172,1
9173,1
9174,2
9175,2
9176,1
9177,2
9178,2
9179,2
9180,2
9181,2
9182,2
9183,2
9184,2
9185,2
9186,2
9187,2
9188,2
9189,2
9190,2
9191,2
9192,2
9193,2
9194,2
9195,2
9196,2
9197,2
9198,2
9199,2
9200,2
9201,2
9202,2
9203,2
9204,2
9205,2
9206,2
9207,2
9208,2
9209,2
9210,2
9211,2
9212,2
9213,2
9214,2
9215,2
9216,2
9217,2
9218,2
9219,2
9220,2
9221,2
9222,2
9223,2
9224,2
9225,2
9226,2
9227,2
9228,2
9229,2
9230,2
9231,2
9232,2
9233,2
9234,2
9235,2
9236,2
9237,2
9238,2
9239,2
9240,2
9241,2
9242,2
9243,2
9244,2
9245,2
9246,2
9247,2
9248,2
9249,2
9250,4
9251,4
9252,4
9253,4
9254,3
9255,3
9256,3
9257,3
9258,3
9259,3
9260,3
9261,3
9262,4
9263,4
9264,4
9265,4
9266,4
9267,3
9268,3
9269,3
9270,3
9271,3
9272,4
9273,3
9274,4
9275,4
9276,4
9277,3
9278,3
9279,3
9280,4
9281,3
9282,3
9283,3
9284,4
9285,4
9286,3
9287,3
9288,3
9289,3
9290,3
9291,3
9292,3
9293,3
9294,4
9295,4
9296,4
9297,3
9298,3
9299,3
9300,3
9301,3
9302,3
9303,3
9304,4
9305,4
9306,4
9307,4
9308,4
9309,3
9310,3
9311,3
9312,3
9313,3
9314,3
9315,3
9316,4
9317,4
9318,4
9319,3
9320,3
9321,3
9322,3
9323,3
9324,3
9325,3
9326,3
9327,3
9328,3
9329,3
9330,3
9331,3
9332,3
9333,3
9334,3
9335,3
9336,3
9337,3
9338,4
9339,3
9340,3
9341,3
9342,3
9343,3
9344,3
9345,3
9346,3
9347,3
9348,4
9349,3
9350,3
9351,4
9352,3
9353,3
9354,3
9355,3
9356,4
9357,4
9358,4
9359,3
9360,3
9361,3
9362,3
9363,3
9364,3
9365,3
9366,3
9367,4
9368,4
9369,4
9370,3
9371,3
9372,3
9373,3
9374,3
9375,3
9376,4
9377,2
9378,3
9379,3
9380,3
9381,3
9382,3
9383,4
9384,4
9385,3
9386,3
9387,3
9388,4
9389,3
9390,3
9391,3
9392,3
9393,3
9394,4
9395,4
9396,3
9397,4
9398,3
9399,3
9400,1
9401,3
9402,3
9403,2
9404,2
9405,2
9406,3
9407,3
9408,3
9409,3
9410,3
9411,4
9412,4
9413,4
9414,4
9415,3
9416,4
9417,3
9418,3
9419,4
9420,3
9421,4
9422,3
9423,3
9424,4
9425,2
9426,3
9427,3
9428,3
9429,3
9430,3
9431,2
9432,4
9433,4
9434,4
9435,4
9436,3
9437,4
9438,4
9439,4
9440,4
9441,3
9442,3
9443,3
9444,3
